4.53978713225 11.1137888018 -1
6.29793893551 0.858315633323 1
12.334656524 7.46120856913 -1
18.8767028079 15.7937469048 1
5.95140303516 10.7227453627 -1
17.5848436575 12.2308502213 1
15.9414638659 12.8973118061 -1
12.2013155703 1.07719030751 1
9.45277026763 9.34951754697 -1
10.8835895507 3.05156487286 1
11.7007955852 13.741322981 -1
4.45190186695 17.3965824932 1
6.54553680679 9.61460542467 -1
1.14076391829 13.5103883998 1
9.77164356727 14.0029286385 -1
3.67918085017 15.6711736729 1
11.8164534893 5.82304290744 -1
9.41729167857 0.450121048545 1
5.78230609653 13.8618780511 -1
8.17925735151 1.7350307281 1
13.0417481013 12.8964401877 -1
19.4099992145 4.22714458297 1
13.460802482 14.6291018711 -1
16.0198088859 17.5167367614 1
8.59432241865 7.22125129477 -1
16.2645240375 19.3589273986 1
3.85008565493 8.61613166365 -1
16.9022607405 5.60039479093 1
8.40594942188 3.51842005148 -1
19.7525511241 2.60860826026 1
10.4512987251 3.26351786721 -1
18.1862558349 4.13033263488 1
7.39926976089 5.77989319315 -1
2.92622785987 0.68809733575 1
12.3514858151 4.16411752683 -1
14.4438915308 1.55860421598 1
13.7495300022 10.2828741803 -1
3.23376540501 16.4426774275 1
9.46947103987 10.32631665 -1
5.29342528337 3.60447202518 1
11.7014821156 12.3826326994 -1
5.30289379595 15.7559641301 1
8.20926123144 4.46409488931 -1
17.5818252663 16.9353534138 1
6.85831470577 9.70688675925 -1
7.98223841796 19.1994810602 1
13.2492357483 12.2130937797 -1
17.9350535914 13.5302272221 1
9.60756554556 16.9416552394 -1
5.75159196401 17.4593912728 1
10.1331278069 13.6313781582 -1
6.47525952945 16.2514269927 1
9.87868549919 14.8502892599 -1
4.11005819359 3.73957533933 1
9.67096703479 7.21958506416 -1
16.8896425132 1.39253035553 1
9.92631653526 10.8673489593 -1
17.2575513806 3.83508596977 1
14.9746438807 9.74598340631 -1
0.986706517063 12.5097996058 1
8.27098493554 8.18057827782 -1
0.467753180236 4.48910347802 1
9.03054963801 15.3137811847 -1
19.9281605869 16.1415830917 1
15.1322598564 5.4847655699 -1
2.09278995068 13.1056820804 1
11.3900672553 14.7314022788 -1
19.6672195867 13.7553586202 1
5.97284536878 6.4564685084 -1
13.6595876323 16.4759405892 1
10.93875088 15.9657570416 -1
0.569637624601 14.1438149555 1
10.6451579815 7.897224864 -1
4.25374202857 0.180650299129 1
8.47966458659 14.0379672861 -1
3.214471224 13.8802425392 1
4.51670923292 7.44489250869 -1
17.0136921556 15.8244822948 1
14.5379209894 12.721778288 -1
19.9543928041 0.894700376243 1
8.04730450713 10.593119518 -1
2.2520417825 19.4913836246 1
7.57977264197 11.4117665785 -1
2.47711475886 2.49591784569 1
12.1544604906 16.3794669766 -1
5.01921819696 4.78759174808 1
3.79297016144 8.17901391119 -1
9.65253696984 17.2118614709 1
9.48797684577 7.03306942824 -1
11.7040881515 1.97088360683 1
8.56662789905 6.4700446952 -1
19.4416353325 1.94582126332 1
15.2325570447 13.6891756842 -1
9.19040650292 17.5215918362 1
4.2611670671 13.161027786 -1
19.8908901254 7.30429038428 1
11.7501972696 3.51249565466 -1
15.4574129643 14.8281144766 1
6.12909242767 9.66636002889 -1
1.01924098488 4.30723054296 1
9.10397899188 14.1743480197 -1
18.931332718 11.4277773881 1
15.7249378618 8.25811777498 -1
4.94876928 17.8438090653 1
12.3505014309 12.0663944431 -1
0.897576757893 8.98208080214 1
12.3915544138 11.6109545501 -1
13.0174041955 18.2911225066 1
11.8695850587 3.7411939532 -1
15.468651929 0.874245895496 1
16.0170602194 13.2392073749 -1
16.6717882053 13.227654949 1
9.39917987845 10.6960482574 -1
4.70977572635 15.683333941 1
8.24067032695 5.42541018818 -1
9.26239296731 0.6347234826 1
6.09907629322 8.88299198908 -1
14.1918440844 2.2456791928 1
10.1336630903 9.75879510881 -1
10.8608374016 1.94209612965 1
10.9084286537 13.9653047057 -1
0.584403711528 5.11928197976 1
12.6583754391 6.01526836251 -1
9.84858229322 2.72570394339 1
10.224453582 8.7027331831 -1
1.16676350947 19.5416596788 1
5.57053778491 11.3118283287 -1
9.62612724671 17.9369060249 1
14.5588398142 14.6070304432 -1
16.2776306425 0.168013509787 1
16.07143051 10.8193178929 -1
13.8283043149 1.78330758245 1
5.08752670867 12.3045055035 -1
17.8425119203 1.13783717534 1
7.35695552552 3.68115290121 -1
6.82859636272 18.7633508922 1
9.31188450904 15.7503501273 -1
15.3396509846 15.8896470232 1
6.60038640133 12.7174116372 -1
14.8653087595 0.600775336582 1
4.75162281768 9.0054475314 -1
11.8791127277 19.818298445 1
9.98137503995 15.7401390511 -1
17.5170297207 14.7867101788 1
15.5187762444 8.60123795834 -1
17.3747176567 16.7802718132 1
9.07085107313 14.5254555363 -1
13.2696053803 18.770601994 1
14.1698244003 6.30001528002 -1
15.027129239 17.4207629833 1
6.2027473844 11.9849053933 -1
14.48006602 0.0522883867268 1
9.68923625891 9.99178954557 -1
2.47204545282 5.78280030032 1
13.5217102557 11.6812559698 -1
11.135791011 17.3031363497 1
11.5535372755 15.5567547596 -1
12.1413144544 17.2805844337 1
4.05680269197 7.91518338236 -1
1.42255229784 1.63476117652 1
8.40808061001 6.81710033549 -1
19.8897341944 11.7143283059 1
9.90681482502 7.47845507626 -1
15.3525987598 0.653806850657 1
9.80239355428 15.327043633 -1
19.781445357 5.81964502892 1
7.18707471909 6.97377418582 -1
5.19799393768 19.1843557069 1
10.6287308417 14.7143348363 -1
12.9715877433 19.5731935346 1
6.28014091294 14.903558676 -1
19.4315736105 11.6933644809 1
8.51340972485 13.7055597478 -1
1.30435750634 7.77049241968 1
7.61756581462 15.1610629442 -1
19.7064703879 8.5327606277 1
15.3814003874 9.29088796176 -1
10.88736528 18.9484751789 1
6.19716319244 9.8032968521 -1
1.56577845979 9.30846109075 1
12.8209604109 6.76706266704 -1
0.873377444145 10.9380760976 1
8.13519861694 6.68094401758 -1
11.1410101462 2.22462573917 1
14.7140700637 4.95869767778 -1
5.56536286059 16.9890467976 1
7.46747418591 13.0042085135 -1
19.6508141637 16.0288998976 1
11.0083984276 5.5794886155 -1
2.25070626492 14.2903291292 1
13.7094573485 12.76838854 -1
2.97575255406 12.5191591798 1
8.77335061322 10.2320771586 -1
1.93773986997 18.5758752083 1
5.44724121158 8.79877359704 -1
0.10319480169 12.2816513483 1
12.3108463505 7.44182834732 -1
4.79264057612 16.3308570308 1
15.2243708032 6.1183567421 -1
16.226516914 0.426414246852 1
12.9592329221 5.03845292817 -1
0.0441310889907 3.31408747731 1
8.03970369364 15.3758416708 -1
15.6365585969 2.91361122658 1
12.1870560622 12.7683222237 -1
16.2128800162 3.18194928819 1
4.62385721679 11.5589503977 -1
2.53766728577 0.406612158139 1
6.77887069049 15.1126157779 -1
18.1253987059 4.07517482584 1
14.5605569555 10.9835335079 -1
2.87288627391 9.67484916463 1
5.5947683423 4.98975813749 -1
2.05140727669 10.4248650505 1
6.29868247133 9.76962114413 -1
0.580912273438 13.2110955922 1
7.23363194649 7.83350611822 -1
2.87929204556 4.86285249099 1
14.7671811558 5.05869595623 -1
16.4023574333 4.27464411932 1
8.51745159336 15.3018680244 -1
1.12641405592 18.0738099159 1
13.72482836 9.71160781273 -1
19.9603062751 15.890866986 1
8.00152056994 8.2149635489 -1
19.5462443907 4.47436136697 1
8.89868146596 5.96577939245 -1
9.7589780771 19.9382475465 1
8.05305143222 6.70332027404 -1
8.84056009644 17.8738943198 1
7.87713977798 12.1016376133 -1
16.9058651506 2.53361813389 1
11.1156222917 16.8443368985 -1
17.9883165824 16.1088804254 1
12.8813234814 7.86468162132 -1
16.9276591242 1.392038396 1
8.49586338525 7.31155045239 -1
18.7008262432 11.5791684374 1
12.5097018024 8.93004700538 -1
14.835918436 15.4398430624 1
13.2999617904 6.5044902675 -1
1.28704630477 17.3171511562 1
10.2881163061 3.35869195363 -1
0.33895214584 0.11331281015 1
10.9623948667 5.93070531402 -1
17.6181934942 19.4471310993 1
6.45699619626 9.99768701358 -1
19.3049463349 12.1110732986 1
14.7163992866 8.63505274637 -1
19.6580463316 19.6246627919 1
11.069887796 7.79718446474 -1
12.8183224719 0.917434458153 1
13.6838335544 12.4617733033 -1
0.0638931337117 5.04734524617 1
5.69542538228 6.94502394746 -1
0.692271546962 2.56610994727 1
10.1003548414 7.02581496947 -1
1.67492896455 1.34346891925 1
5.34899612429 14.3251155654 -1
2.92512243071 7.87955366595 1
7.9783956291 14.961666609 -1
1.19502625406 4.52912913952 1
8.21978719631 10.2452156166 -1
12.0079385886 3.17489887494 1
13.8634798097 13.3342804466 -1
15.8946642004 2.4973966504 1
3.36748458882 11.5265074842 -1
15.9478123563 1.8687333305 1
9.63130527003 14.7469355765 -1
2.77835658515 7.9697731794 1
7.38931332637 14.4114646137 -1
16.2370730986 16.459345217 1
4.21713039045 12.0875435605 -1
17.8248659248 15.3796363961 1
6.30941236446 13.3098430528 -1
0.00917751921763 13.9744957409 1
5.80681600085 14.1072495071 -1
3.81782601084 19.5053304697 1
5.5622377414 8.98904480367 -1
13.1021251137 19.4842152025 1
11.5105586186 13.6203507617 -1
18.0033771557 5.90989011854 1
14.3491571934 6.5894218761 -1
13.574215726 1.6985891653 1
6.44440911127 15.991785488 -1
3.95871059645 1.24121153557 1
5.47617102367 9.85392346313 -1
18.7344740231 19.3917453278 1
7.47763561453 11.6132635144 -1
16.8495721868 0.681842944997 1
4.82733027139 10.3776496082 -1
15.1257473195 18.727079009 1
9.08852655777 7.87271310844 -1
0.0598760607191 13.0306912623 1
9.9117113621 14.7480954976 -1
15.5460932613 15.7479385232 1
9.18338294611 11.0515381711 -1
1.53457638037 10.9118391245 1
4.69933619202 8.12280605214 -1
1.80825004928 5.8728101296 1
7.42092813122 7.48456641091 -1
19.3199640502 5.45454476877 1
12.0274355754 9.11353700202 -1
0.344856868901 4.47630465592 1
10.331016021 9.28882158531 -1
3.3804355941 19.722720576 1
8.32341821541 16.4107887753 -1
16.7107440751 16.7758063979 1
10.114551183 6.39904161802 -1
0.39456210045 2.79506020292 1
14.5368773083 10.791152037 -1
17.7593449083 2.88820884193 1
10.0290306293 10.8795368374 -1
16.159688048 18.5250820971 1
3.78704704561 9.98757791017 -1
3.94491687554 0.934377435149 1
4.9587969362 7.05335196018 -1
17.4383849378 17.4653195654 1
12.2404881371 7.59772037978 -1
15.8905422628 0.527724441842 1
7.73056549355 4.28307801437 -1
17.434740294 18.572350746 1
7.19907726001 5.17994062697 -1
14.7038926312 15.7325304856 1
4.29905672005 9.49105524601 -1
3.14369472929 3.26592969652 1
16.8494993672 10.0887609336 -1
17.2683926621 14.9456550083 1
5.30069747515 12.9433329455 -1
16.4603119253 1.06056647679 1
15.2243203708 9.86078735105 -1
1.38305887043 8.35861626726 1
15.3400708883 13.7961874597 -1
0.0415272142354 9.77948974628 1
14.4477261102 9.90309740631 -1
17.8701935414 2.75490058468 1
3.59054020312 11.6996212376 -1
0.0554181283413 11.6048258169 1
9.07911170214 3.58658039129 -1
19.3021695561 2.48950307533 1
11.8497264367 15.7308794718 -1
10.3499872082 0.282171205196 1
9.28941213378 6.7764265015 -1
4.65627212317 18.9041703691 1
9.01570912484 14.9379878419 -1
9.0872781529 0.851351085203 1
10.6118993443 14.9043324725 -1
18.9314913648 6.60117163199 1
4.87656738772 5.24098204489 -1
14.0793788437 19.4012702382 1
6.87579917111 14.4049552757 -1
2.19225079018 11.5841106952 1
11.5835062205 12.1430860069 -1
1.05083285193 10.5712508116 1
11.575291871 12.2398960303 -1
18.5390838769 18.6364377356 1
15.0072870823 6.98645668673 -1
2.40032179533 2.22782334144 1
15.0050980264 9.58970644029 -1
0.486514723043 19.7580092331 1
8.57043382125 16.0687273018 -1
0.508879059713 11.0052918737 1
9.03755288842 14.6599689834 -1
1.66055302607 19.7151673711 1
12.9715088364 8.84012564438 -1
2.01701936437 4.26122467058 1
4.43445936264 8.24675386908 -1
17.5679664982 10.6364564853 1
7.21692015963 10.9081534321 -1
2.36978037202 14.6945229441 1
4.3985994688 11.0330340077 -1
3.49050346119 19.3888244425 1
11.3543869008 3.65221721275 -1
0.159508365157 18.7930879914 1
7.30706118483 11.9917233888 -1
4.25891671755 2.5364181725 1
16.174833372 12.0629399687 -1
11.4192903588 1.15202453393 1
10.6170399295 8.13969141872 -1
3.95146375801 17.673656923 1
5.85304746187 10.7353569422 -1
16.1574373707 1.18306954668 1
6.6177484791 5.34964038367 -1
15.6071106259 3.00689177557 1
9.00599037047 5.98092986625 -1
17.1842292476 9.51193908193 1
15.3080631249 6.41779062177 -1
14.8448199962 0.370467343207 1
13.2241154625 4.38131326581 -1
16.1071221376 13.6770111087 1
3.4197787055 8.11743960113 -1
5.54821236946 2.50350230303 1
14.7807935157 7.2907377299 -1
0.345809859192 0.909929168808 1
10.2219918762 13.1923261125 -1
16.9891113016 7.33643434285 1
9.56280524852 3.56280397535 -1
16.7369781215 19.6050414779 1
9.06933703493 13.4639554893 -1
17.7772236805 18.1329744536 1
9.52509814321 8.89885221891 -1
19.5180224267 9.56487223787 1
9.93019968715 10.7670592529 -1
9.0772163132 1.27241555602 1
14.1718477185 12.1824674363 -1
10.4184868405 0.327425701917 1
13.0246132625 9.37603924697 -1
19.814089506 3.34924690161 1
13.1716710417 5.84507195516 -1
12.6463890798 17.3429268331 1
13.2730383167 11.6320450535 -1
6.6951509907 19.3344224991 1
14.874171745 9.82572413184 -1
10.5221600009 17.8351739405 1
11.3444805032 15.3354532455 -1
18.4064959425 8.39031955195 1
12.3568004765 13.1266926082 -1
15.8770536543 5.25391195479 1
7.73160662023 6.84298525972 -1
12.3518751566 17.549891161 1
12.0275913433 13.6692023756 -1
2.24796649774 3.98923233457 1
8.68714312881 7.85197101023 -1
2.80751999343 15.201673056 1
14.9924078255 10.198108376 -1
19.8193698772 3.30864540466 1
8.05664030414 14.5574296747 -1
16.0758838177 18.0190472624 1
11.294857169 3.23567326078 -1
13.8739569026 3.13602351828 1
12.4358475238 11.9506978514 -1
12.5017835722 3.41276607974 1
13.4175121108 10.3762704388 -1
0.331563966207 12.3566345602 1
6.08554821152 14.819173044 -1
1.71768853246 7.28396246489 1
10.8951500924 11.9685096349 -1
17.0109031334 10.8878342226 1
7.34507639441 7.76432505735 -1
2.70576692175 8.04400982613 1
7.97221648986 3.53344770324 -1
3.21737430712 6.53349576645 1
14.8386247067 10.3327352768 -1
19.2792869821 1.85809617966 1
11.3043460261 5.0324543249 -1
16.4477720808 6.89325859195 1
14.5611312182 11.761536112 -1
6.18285330503 16.8265453838 1
7.55195512694 10.8886077124 -1
13.8633908772 19.8284612634 1
11.5943941652 11.6463190628 -1
3.68088113863 17.6379968106 1
10.2049498299 5.52379063519 -1
13.5670060881 18.0352569034 1
13.0889525109 4.93422618363 -1
18.4355995382 1.99612116759 1
11.7844913718 7.4471959898 -1
13.7510324333 18.3871341148 1
8.03585288748 13.2148329039 -1
14.4110266238 19.1911051669 1
15.9620223087 12.0877095122 -1
14.7309839843 17.1093168 1
10.4543253738 15.8868482397 -1
1.59860017602 19.7434588094 1
11.2866549394 8.86323844851 -1
9.5576397377 19.0998451919 1
12.6549741863 11.6371486596 -1
1.80792637886 13.3379997248 1
13.9558684936 9.48697315745 -1
17.8756521215 9.05697024648 1
9.35391156094 6.21110726336 -1
3.88827827416 2.30489261276 1
15.6168451292 7.49813488433 -1
7.89570961669 1.87903415179 1
8.80480308949 11.5155106723 -1
17.0790236234 18.4618510422 1
12.0090022335 13.0468718062 -1
17.7532532024 6.61734979677 1
12.5724731701 7.48291104816 -1
11.3212010477 16.9419993633 1
6.76252348935 6.66672401927 -1
4.56412380829 15.2974625531 1
15.9925101003 10.7228163607 -1
19.8689092666 0.734057663438 1
9.88201509073 7.79578601444 -1
11.3247522852 17.521185514 1
13.4585890964 14.0361223769 -1
18.2152059262 6.13570259288 1
13.3610288648 13.3854299213 -1
0.912318050716 19.6038324457 1
6.54275246565 9.19406976175 -1
0.468537565295 2.25534859013 1
5.87461933511 11.5648944695 -1
18.9439022009 1.91521888003 1
11.551757026 7.48611850316 -1
5.5345476359 18.7170319402 1
9.24314904406 11.6516503212 -1
8.49679273023 0.670730052818 1
9.71524272531 7.82201942337 -1
16.9179133258 13.8842939158 1
12.0411778613 9.76491814248 -1
7.17536919693 3.29823671853 1
9.54749155976 16.1451285663 -1
0.853536242038 9.7777250017 1
6.1194783766 11.8532297037 -1
4.90733001393 15.800695691 1
6.44615605533 7.75594859239 -1
17.0670873967 2.33189680156 1
11.1131732421 15.1979068884 -1
15.9497106171 3.5428602024 1
7.2487752345 9.45542004888 -1
0.681927423413 2.54388464268 1
13.10635391 5.71758636723 -1
5.88442497422 1.44404931288 1
13.8566135609 13.8203492977 -1
18.2269151693 6.90889006805 1
8.86233298956 16.7027847454 -1
2.13815919798 12.1754327687 1
7.54969646746 10.9734161087 -1
19.7912469655 6.34412394414 1
10.7114366194 4.2794663834 -1
5.60721747198 18.7779282886 1
6.07060501659 9.3009142381 -1
9.22406916099 18.8706440727 1
9.27949598592 4.25608711197 -1
9.36025956113 18.1694499293 1
10.7368356879 6.10338159151 -1
0.924667408579 11.7309883354 1
5.97154410878 6.60739148695 -1
8.47427638137 2.62320913084 1
8.94982269332 6.15488716655 -1
16.5955769506 4.30059117316 1
6.37684782487 5.780787305 -1
19.8964915212 11.6845175215 1
16.0809370026 6.67055120413 -1
18.8387663937 18.8794701204 1
11.2624521471 14.2865281687 -1
18.9019954388 9.70904838018 1
11.1309708019 16.8582853283 -1
15.1575285427 0.875515325484 1
10.250840624 6.79575266657 -1
14.9657178697 0.139958345906 1
16.0065795171 7.16740297436 -1
19.4478383932 1.60690911761 1
3.18218575186 10.4146308755 -1
6.56733456134 18.6064263442 1
8.71077396569 9.78605329037 -1
1.1872306876 1.83520514297 1
9.89097814385 5.06480464548 -1
9.43397504121 2.31356289172 1
9.84910553187 6.27403753384 -1
13.2119974146 18.5174410141 1
11.8486967055 16.6112474799 -1
0.85588536763 14.1623111911 1
3.80500749172 13.1248085025 -1
2.26868905902 16.8421934631 1
11.889255524 5.833205531 -1
3.48628452357 14.9927055982 1
12.9101532486 8.49976364047 -1
2.34302338974 1.7104542101 1
16.2207784532 8.04788087409 -1
5.55724191054 19.9965757173 1
3.86062909149 9.58406305093 -1
19.9826231124 8.16429145931 1
6.35257522871 7.50239758574 -1
5.10852518707 0.160699890682 1
8.28967187553 3.21872933289 -1
18.0051154672 7.7018359374 1
8.78856148638 12.1469078565 -1
2.04910301038 15.5703828249 1
9.22132099186 5.2065980375 -1
5.38024691937 1.90492197837 1
3.68665935009 10.2345129868 -1
9.43834019154 1.82945407725 1
4.04926758995 8.28559927649 -1
3.00068322812 10.3856948598 1
9.20440825992 9.16345781993 -1
19.4836856753 0.526586710695 1
8.53407673648 10.8839996195 -1
16.9223310059 13.2222850446 1
11.7155898076 13.1251345582 -1
0.369813513395 15.2144517811 1
7.90654556071 11.3463657858 -1
17.4496640017 7.03420221162 1
11.3022050069 3.35695836928 -1
14.942862644 0.294373948668 1
8.04619898429 7.3886691259 -1
8.73067245504 1.77880280151 1
12.5687503299 7.81940862347 -1
9.8491007075 19.1329391919 1
11.6667006705 14.8952721445 -1
17.648812529 13.1444326579 1
12.2723570585 4.9848362844 -1
5.18283394257 4.65230630897 1
4.86937582694 11.0043288073 -1
6.32990580038 0.954946644283 1
7.94077930099 3.43558952461 -1
10.7067142503 18.6744166583 1
12.7326006095 14.083489211 -1
1.36971491792 15.6013587662 1
13.2078828242 11.0215653124 -1
2.93638763734 2.17981054978 1
15.5709875775 13.0962305711 -1
2.27880247836 15.0183595008 1
15.4025769077 11.6869250559 -1
1.3908029227 6.57931117508 1
11.5542540606 11.7298443163 -1
15.232141973 4.90818944617 1
5.13271037645 14.5369498438 -1
19.2530434761 10.7787674877 1
11.9601450402 7.2892445268 -1
13.8416956877 0.5292100979 1
16.4860220268 7.48315835836 -1
1.37393899481 13.88592686 1
12.1653591675 12.2117910802 -1
15.7671780605 5.88481312081 1
13.8067793572 10.890056543 -1
0.456857313942 3.89232230306 1
10.1284399465 4.23226239748 -1
17.8089609957 6.54625505994 1
3.98458033054 6.51786622272 -1
17.1799913574 5.62945136125 1
11.8764959782 4.78991269628 -1
6.84269811555 2.53537643338 1
3.10225483847 9.52350071293 -1
12.42087072 18.8567306828 1
6.79875623481 7.28471705728 -1
5.56070507885 1.44912821314 1
12.2015072701 10.0728906191 -1
1.56935591472 0.0023510536779 1
11.4042512659 15.9378557971 -1
19.7719611917 9.20614874135 1
8.92290591688 11.6889928494 -1
7.0094570402 16.4282292854 1
13.7467467719 9.00395234502 -1
16.0706835456 17.5381814493 1
9.88595327443 3.90732538607 -1
3.20871895276 18.521753378 1
14.4037255365 11.2292917338 -1
10.4297878611 1.16652886867 1
15.1781548247 13.1555012737 -1
19.7299458509 8.12229674338 1
13.3846017291 11.7009977792 -1
2.4575922745 11.1847566208 1
5.64947993999 8.28188553034 -1
4.48135732209 14.9402951725 1
6.86087992949 9.88742547442 -1
17.3997306749 6.30884561906 1
13.4067650723 4.59368123049 -1
17.5452827167 6.89330680744 1
4.00180548436 10.4611674879 -1
0.93059846279 8.15353570396 1
9.47205133095 8.55013807211 -1
17.7945060603 5.23660025659 1
11.9168268541 4.62019527586 -1
16.2515993221 2.39764850209 1
6.54824861089 5.75746515368 -1
18.2100563753 8.26010755224 1
6.00327831799 9.27769640763 -1
7.4696265634 18.6716152386 1
15.1540762696 12.6306630236 -1
7.49117242434 17.8973982577 1
6.39854163525 11.3699837443 -1
5.25148711197 2.28776350761 1
13.1820695822 6.30470836809 -1
2.76972422832 15.173909916 1
16.121229142 10.1609708235 -1
13.2502853005 2.07109001218 1
7.9138920857 8.3156284175 -1
16.2945477909 1.02215676341 1
11.8503318945 3.80666446606 -1
8.29088401958 2.23225444274 1
8.35763765713 12.7619400338 -1
5.48997801344 2.62864116816 1
7.74097203067 4.34398297468 -1
18.6047957059 0.0325356957502 1
5.02795882693 11.9548268744 -1
11.6387752578 19.2013389871 1
9.25494520735 6.63007011949 -1
15.6137914407 4.97949766932 1
7.85352076481 11.1140691286 -1
6.60292515641 16.1347118171 1
7.16192553054 16.2677866367 -1
14.9816093291 19.4946020889 1
12.3960173185 8.09573133642 -1
9.30917290924 18.8522040448 1
15.2237507449 8.14945357985 -1
15.0490116664 4.71596603393 1
13.586593482 4.26275550012 -1
17.0776609625 2.10765462349 1
15.5668916109 9.69612456958 -1
2.92179059421 5.6838347351 1
10.4404751202 13.8855566589 -1
11.1560370364 0.819928558873 1
7.71930113693 13.517209104 -1
14.3340769635 17.2240582372 1
10.6194812357 7.44018867051 -1
2.09796313911 17.5140599093 1
14.3519916032 8.02622902245 -1
10.2238960699 19.5934131653 1
14.2165098909 9.32923176735 -1
1.21641162769 3.37013194117 1
11.5905628785 12.4354728415 -1
15.5668611241 4.51717972976 1
5.13573907863 7.84270933563 -1
10.4320533245 2.16811014886 1
13.3844939365 3.93141009948 -1
4.95718563871 3.6847509252 1
13.1388614484 9.76473598673 -1
8.28114464447 17.4404864018 1
8.97487160942 10.7474264797 -1
2.72878092901 1.77326113641 1
16.0784096686 8.33018103564 -1
5.1287121122 0.777455255565 1
10.8286201172 16.0299177575 -1
2.58174424417 12.1904841671 1
12.8881386054 9.72412395716 -1
18.0781828592 10.2923567411 1
12.8450098401 15.2362980807 -1
19.6704191993 16.4705863804 1
6.62834269911 14.6777530451 -1
2.26115761714 19.7939291766 1
15.8665790173 10.8874885801 -1
19.7766344393 17.1190931431 1
16.9067047247 10.7626900581 -1
4.81295383587 18.9435711319 1
11.1902008896 10.2488437847 -1
16.7195213661 17.1298575438 1
10.8434590028 9.6757065917 -1
17.1692759763 17.1320635928 1
9.60882647055 16.9845082935 -1
9.01532440791 1.41873408665 1
9.56616174724 3.28881923034 -1
15.4211252577 1.05561634035 1
9.18759056677 9.11410668356 -1
18.2115241949 0.408615645031 1
12.0374167307 6.74048823897 -1
2.70163029521 11.1766928528 1
12.3788255507 12.4605444028 -1
16.4537301166 14.2849254411 1
12.3462783237 3.44134033226 -1
7.20339757497 2.82678985072 1
8.92736942737 15.6932622249 -1
1.88536268639 9.30298053974 1
10.3734709793 13.4686716126 -1
1.25919407483 7.24329980352 1
6.30742349006 11.9344663458 -1
13.4195390308 1.45745859411 1
13.4366718579 10.6771835822 -1
12.7735336829 0.1875181678 1
7.18329676318 12.5850177791 -1
7.68144403858 18.2005222192 1
9.74603100367 7.61374811157 -1
17.7819955988 8.24004734103 1
11.2717540996 8.06295743334 -1
0.848024036087 7.07944954678 1
8.96596456784 16.664241866 -1
1.20623282188 18.8227961452 1
14.0915137812 7.25714937857 -1
16.0119394195 13.7502213087 1
7.03913424637 10.239775669 -1
7.29449551318 18.9884293939 1
11.2319623178 4.38247293241 -1
11.8413123524 2.24748183543 1
14.8710088152 13.2978252746 -1
17.0495561452 12.1177419579 1
15.9158071694 10.5798588723 -1
0.682441379487 12.8012219779 1
10.5273064914 12.34008397 -1
19.6001020589 10.6256091814 1
15.0844424168 14.5448708817 -1
4.5030176717 19.5199925438 1
7.65292723226 3.712022182 -1
15.9411252324 14.6511693269 1
5.43733433847 7.69634470902 -1
0.152852402291 6.16948144049 1
3.79009796296 11.9944841788 -1
1.09797837063 3.19955747787 1
5.21090536637 8.32180635873 -1
4.53304463725 2.00751982398 1
8.11438612503 15.0748782704 -1
13.5273389623 3.06209584919 1
11.1895812838 13.5972776259 -1
6.36396258406 0.336802484652 1
4.26344261323 8.86080023958 -1
6.23733811411 19.9610408023 1
4.54182743583 10.2224763518 -1
0.211133509809 3.84495066198 1
6.59897651993 14.1458451654 -1
16.4813061365 3.47430213075 1
6.59147112406 11.8873413375 -1
19.6345104397 17.1788068724 1
9.32640658465 7.26759408935 -1
16.4235608626 5.82205065561 1
14.1387983171 4.36596183007 -1
2.12945092264 7.93478534298 1
10.0094025203 11.2947800032 -1
2.49213289844 11.1376701745 1
15.95201645 9.55594410997 -1
17.6460889121 14.7364882602 1
4.02739206132 12.2207310788 -1
17.4557324909 4.79956564773 1
9.92828046932 12.6036687203 -1
13.6755017315 16.0621704778 1
9.68985271526 16.2831953205 -1
19.2590817357 7.20158146374 1
14.585254745 10.5878915409 -1
17.5614864742 12.9931610263 1
12.9801835746 11.7546735719 -1
7.06291835434 17.2840573562 1
8.21419062975 14.5037894171 -1
13.4814299952 16.7293968352 1
9.13518520603 9.60630466347 -1
19.0914414794 8.8956719042 1
14.7077346184 13.7576107736 -1
14.7727157469 16.2539071837 1
15.4662325713 12.9739971957 -1
18.6374129075 1.87424802584 1
12.5661636444 6.25417934951 -1
8.23406939031 3.08502544448 1
16.3550233979 10.4871381716 -1
2.48841711482 6.56247558012 1
5.78422227103 6.64242573189 -1
13.6265299381 18.5538408676 1
13.5782995473 10.4971951387 -1
0.662623098299 10.3322917214 1
6.81415671697 11.1059452781 -1
15.7550865908 0.431386015098 1
12.6453139095 7.94995975683 -1
2.05295355063 11.9216484523 1
11.8651473609 8.64159402067 -1
0.659026085234 10.1231616746 1
11.8593597208 11.9817420995 -1
16.5482276065 0.471626237401 1
5.77414275577 13.1781581122 -1
6.71481917307 17.892892474 1
5.96233203455 8.46698247265 -1
13.3437790588 17.7298608741 1
5.15042838445 6.95883443405 -1
7.36687130909 19.802111534 1
9.77393187733 15.3755684259 -1
7.61089702474 2.55536050656 1
4.44065586649 11.6039004793 -1
4.46150694073 16.3304034897 1
4.32303573141 8.53825500671 -1
19.9686399638 0.841296336477 1
12.6875641755 9.98643308989 -1
6.81486319381 0.163066541287 1
5.48341795055 13.3806168492 -1
3.88813321429 5.56269093982 1
14.4468641961 12.9706082972 -1
1.03468692584 10.8162757946 1
7.88766672653 11.6599426235 -1
18.3598895375 15.2609730779 1
7.7848878368 6.18279580995 -1
4.28334727321 3.64221088202 1
5.77101567435 12.5181157242 -1
19.3794025409 12.9757522159 1
5.96847660142 6.60497161382 -1
4.57510637335 2.96924530478 1
8.50121945227 10.0226982416 -1
8.32693426992 17.820674412 1
13.15456964 12.9316460673 -1
19.8386686508 0.964003236734 1
7.08037920046 10.8076261619 -1
18.9842352106 13.6649307506 1
7.79254299367 14.9106898923 -1
16.3003326814 14.0948998524 1
11.5342982417 9.70711386689 -1
1.87075358373 10.7749993352 1
6.66462729367 4.69109676503 -1
0.447661176151 11.9441596903 1
13.4957548146 15.5354295171 -1
4.0580571986 2.71127437361 1
10.512822537 10.8518366083 -1
16.4771494414 15.4475687699 1
11.91311304 16.6627615317 -1
0.50021030559 7.23210265068 1
9.50290153637 3.99618568258 -1
13.59480625 19.3238735637 1
9.64495762469 9.40800493934 -1
0.187393409464 13.3258907652 1
12.8904132113 7.29288096663 -1
5.52758721215 0.979444245781 1
13.0505739981 10.5188039165 -1
11.4280739513 0.386763415695 1
7.84354661902 13.8156414213 -1
18.9726032067 16.5056848457 1
12.8632550803 8.51329359756 -1
7.24857837536 16.4509526994 1
6.75502259028 7.49113516699 -1
11.4162588291 18.6881960303 1
8.55990489294 14.1806328067 -1
12.1572928006 18.0933748951 1
7.08582336995 3.86299112064 -1
17.6521850663 16.8135812387 1
7.53880590969 15.6708274484 -1
17.8805156715 11.8409301076 1
12.5360330627 16.1712134179 -1
2.70826196657 1.1710778942 1
7.26667517873 15.9099152799 -1
17.1018208004 3.8384950406 1
5.54479326216 5.36184205101 -1
3.27613245933 16.7177556054 1
4.89135150633 12.8271832105 -1
9.12983752599 0.578646676086 1
14.7855996616 8.99084290878 -1
10.3812401281 18.8575580989 1
7.3396520443 13.3976106497 -1
18.5547574072 18.3168491635 1
8.08353255526 3.33092496653 -1
17.9381169931 11.9171745451 1
13.3599125846 14.6454670094 -1
0.95029021072 13.807704467 1
9.26358654371 8.11284176792 -1
3.02919307451 12.8520805319 1
6.29048602755 8.33211590895 -1
1.27872376404 7.94084759076 1
14.456353865 7.02135502216 -1
16.7420466636 13.5134455691 1
13.355569468 7.24581036176 -1
18.7885860985 9.94710101139 1
9.02856770456 14.5127476316 -1
2.43944428734 18.6209129949 1
11.2730852901 5.34018552052 -1
19.5418918225 1.20799320886 1
8.25300793275 16.5000959494 -1
2.97284030399 3.48752458668 1
12.3722668037 4.51048705255 -1
16.9044683881 11.5624645133 1
13.6599091977 5.102516822 -1
17.0864308111 12.6659726558 1
6.26695487907 6.57911836748 -1
17.3490432806 15.4668537875 1
10.9762208769 3.80359761339 -1
5.3068993535 18.2928632634 1
15.8839313308 7.87082997342 -1
8.26535885311 1.94760431941 1
14.8644519291 12.3687623365 -1
16.7925672883 7.90373219787 1
14.8689419246 6.35587599027 -1
13.2614791353 16.2132999672 1
9.38620668005 7.05990370966 -1
7.49802334543 2.28316658755 1
7.12531601585 9.52492260209 -1
15.8614811946 1.81090988143 1
9.97579875158 4.07945711099 -1
4.13704596827 3.57139722256 1
7.75461209484 15.0880552828 -1
11.5808082514 2.69962627643 1
14.0794690607 4.59413874226 -1
12.6405657141 17.0028623465 1
14.7208154296 6.26384877582 -1
1.37374032847 10.299684113 1
12.1268362931 10.4884666263 -1
17.535792081 12.8690311517 1
13.6623227846 6.22024552785 -1
9.82813002845 0.0793418321672 1
7.2989081954 10.2532027571 -1
0.501329812033 13.6921047379 1
13.4760390051 14.4882799792 -1
16.7355636967 15.8137515928 1
16.0429425128 11.3651389879 -1
19.0288287109 11.3015960914 1
15.5710679644 12.0149391923 -1
4.16079455789 15.6690773835 1
11.7346265396 4.41088110967 -1
0.856451239562 15.0553640092 1
6.27601607931 12.0481782981 -1
19.8213935392 15.5578789651 1
16.6589077875 11.8108675147 -1
19.2301794384 12.5201400888 1
10.8767827339 14.7701259372 -1
17.9660387794 14.8869084015 1
7.70730594182 6.48522156429 -1
10.3782979461 18.5826519065 1
9.33973217062 3.65474329582 -1
3.83255655017 15.8988427436 1
9.92662449337 14.6631304066 -1
18.2036852478 18.5408245809 1
5.59287273135 13.3841152343 -1
15.0038131603 16.8444660738 1
9.96574855276 4.6189793753 -1
19.769662788 4.42409411022 1
9.20881762629 3.63102802743 -1
13.0059770304 0.542132434323 1
12.1438862296 4.97433894458 -1
3.17260233241 15.4922524875 1
16.1467056316 12.699035646 -1
0.878248152605 4.31795286468 1
9.17096285074 8.07762860436 -1
16.7183860796 18.6314732287 1
9.58989473073 9.78779791362 -1
6.64288489913 19.282943225 1
3.57793108945 11.7671702232 -1
7.69211499177 1.84530738772 1
14.2271964315 14.8900579502 -1
10.2882022871 2.64908332529 1
12.1852291741 8.47970184112 -1
1.57413923749 19.5726951328 1
