3.40726626324 8.70285845762 -1
1.68866655527 1.89855853096 1
5.70201995768 8.43099449938 -1
4.35116548673 14.9671346452 1
4.07511429272 7.10981867747 -1
0.947475796754 1.00873242883 1
9.09910078815 5.1417481997 -1
12.8208347898 0.785958470541 1
5.46019515424 12.1478239879 -1
5.20501113422 15.9684064603 1
13.3853594465 10.7831062801 -1
13.855811029 18.6674410486 1
4.35363473443 12.8114012336 -1
10.412743276 2.61899670946 1
16.1483733179 10.351443093 -1
1.33588880905 5.57023052415 1
14.2496043096 5.54118387904 -1
11.2611428675 17.043026577 1
15.1379980861 9.83460780719 -1
13.9476722186 18.4690756221 1
13.0494506364 4.3312465648 -1
19.0157320189 3.32007695821 1
9.12393138485 3.91275712112 -1
19.6221168272 17.2310247373 1
11.2624780494 10.390700978 -1
5.08427454695 4.16816945475 1
3.57176476991 11.2915878515 -1
12.3999297087 16.6837981412 1
12.4514055229 14.0457059299 -1
2.49267874513 14.7755324889 1
14.9853348465 10.4663496912 -1
19.9473349275 11.9636044326 1
6.23220233384 10.2558166319 -1
17.2424758407 11.9540941122 1
10.4914618003 15.9197410429 -1
18.4499640453 17.4590033097 1
9.0592483176 10.346062798 -1
5.33989870057 16.0843837968 1
13.0576852778 9.85050298938 -1
17.5876890613 2.11539247578 1
4.10130010026 10.5546104363 -1
11.0493207649 17.7062803886 1
6.30275071224 14.6715835799 -1
0.758595550276 11.1417100047 1
14.9974656935 12.2010249366 -1
7.37270174143 18.008967311 1
8.25175919224 9.79339536667 -1
18.2017517865 19.4929952559 1
5.07857874698 10.3049655508 -1
19.8483506992 0.882716596348 1
13.038268196 7.03664982868 -1
11.421232936 18.2020719058 1
12.1596105708 8.76817988748 -1
16.6762734956 18.1099208246 1
14.9505714781 11.7094375363 -1
2.29000871911 12.2637510784 1
13.7817912651 5.6032208179 -1
15.7038983261 17.0545334943 1
6.93976230114 6.19156896068 -1
19.0547004046 13.9706405506 1
8.14391513057 3.37878130931 -1
5.15003303878 15.6703257781 1
4.12260123488 13.7108724172 -1
18.4135319459 11.7115552064 1
7.79170375741 13.5841631902 -1
13.4652932703 3.28991491461 1
14.2699632945 6.23918182935 -1
5.2503656196 18.916522875 1
9.21594227613 5.25053577031 -1
2.25987000071 6.47304886806 1
16.262111409 12.1176824238 -1
16.4815507204 15.0892072483 1
9.7415560916 7.4439570913 -1
0.872428555547 12.875201709 1
12.4704964832 9.56667475805 -1
16.2629582371 4.73810813934 1
9.03045580845 15.9238308387 -1
18.5548015888 2.86703011908 1
15.6719087975 10.9721724711 -1
18.1368049418 3.49484605996 1
11.7959266246 8.57950168272 -1
1.86206587159 14.3861603651 1
9.64393698625 6.55944738223 -1
12.7318342094 17.501962263 1
13.640506077 8.8889759696 -1
4.97101365707 2.78176691496 1
4.01416850571 10.4441717029 -1
2.31494083024 19.2346732906 1
15.4222163498 7.06849113839 -1
9.00910198586 0.411362645757 1
9.47921324939 6.66006857386 -1
15.4131674634 18.8951596556 1
15.2937168811 12.7484914148 -1
17.9458584414 10.917066103 1
6.93996182797 4.93035428079 -1
15.3124184013 5.41051263181 1
6.91907419359 6.86441623445 -1
8.25997610796 1.57336983705 1
12.2167620726 7.13942619183 -1
18.9143046497 2.16759874367 1
9.73446787087 3.3652699342 -1
10.9204951594 0.406417079557 1
14.4900236117 7.17276667008 -1
3.17434026031 16.7557041608 1
8.72862886139 11.0863176369 -1
0.731537154704 7.83335593078 1
10.9321041107 7.17603581691 -1
8.7694289106 17.2344669541 1
16.421550938 11.7973430284 -1
12.0964122429 0.385259376023 1
13.9286201029 15.2531876826 -1
1.55525362489 15.1026491325 1
9.78928776298 9.77569638804 -1
15.5468357211 14.3231740269 1
8.8096679731 5.23139914792 -1
6.30016487067 19.9211804613 1
13.0733206439 14.0666597983 -1
1.91513463073 18.3224292079 1
7.18818453613 11.1256173877 -1
13.685099633 18.6795742748 1
11.0580669616 11.2517134922 -1
17.5052501002 18.2813059765 1
9.66765110993 5.39548002978 -1
16.0057351874 6.00054011294 1
14.1345336544 10.2440644165 -1
9.24174370642 0.595832650326 1
6.14768862808 7.81850179446 -1
0.325063042885 6.01435035503 1
5.70472084914 9.47259371 -1
14.2742926112 16.6502206851 1
13.320481399 13.0042140599 -1
1.44605331203 8.32960244807 1
4.95414611209 11.1922115945 -1
6.24182228559 18.9381271469 1
14.9861372201 13.2015596409 -1
3.66392292693 1.51404638516 1
7.31419947415 15.0320228056 -1
13.9476855224 17.4161619704 1
15.6109111972 13.2911425699 -1
14.5881523698 2.4514893613 1
12.4331346695 7.20853927813 -1
17.3528295882 1.60379684712 1
15.4320580112 11.6295639707 -1
13.2610308081 17.4146613872 1
4.48638363006 14.0589858905 -1
12.1742215394 17.4443606259 1
9.73114777591 3.82534653163 -1
17.6937676913 9.77196571009 1
6.40921551882 14.9687874158 -1
11.4692314825 17.4551635058 1
6.57294107691 8.53184935427 -1
18.8926905922 0.252267734902 1
11.7293485377 15.6173460167 -1
1.01132819245 18.5391751097 1
10.9454687415 13.5226909387 -1
15.5551274411 3.47221009628 1
8.12060706766 15.7024340778 -1
17.7383300108 15.7195811655 1
12.1122197765 8.19709172213 -1
1.79036366071 19.4612540311 1
4.90224021428 13.1817486622 -1
14.7074076341 2.5592957341 1
12.6793601752 16.2851456798 -1
0.201948657942 14.4607837174 1
12.9652229478 7.89185149123 -1
16.9813789478 11.5142700238 1
10.2367339207 12.3231929654 -1
4.85095249728 15.940880607 1
10.1219824338 4.81556938498 -1
18.8567070439 15.4365142013 1
8.86563677247 15.756550418 -1
2.91967458678 11.2415267351 1
16.3313370499 10.2564844133 -1
3.21141485473 8.08890392597 1
7.67610672713 9.958414998 -1
2.92976669659 14.0178987808 1
6.3026274485 13.492977512 -1
3.78126045464 3.5812088168 1
6.72663924056 6.81980523429 -1
3.38869076622 12.4064702167 1
10.5999133404 14.2289430375 -1
3.97031187428 5.81768719449 1
7.27013879829 16.3145465094 -1
17.5594736959 18.642696036 1
7.65864000442 9.6889180479 -1
3.75780634374 6.24908734567 1
11.8827046726 4.80570051949 -1
6.91296912284 19.2425173204 1
14.6783598233 13.793513788 -1
16.5651672254 15.2319751844 1
13.8391465091 5.29000820006 -1
15.0886974712 0.656331109005 1
11.9161445608 8.96004923602 -1
8.99937408249 1.86117785819 1
15.6792026065 11.6082651194 -1
18.8545694265 13.9616936458 1
4.39533754795 8.80110000669 -1
2.04360326169 2.0814471747 1
10.7253897109 14.4510393706 -1
12.0578904726 17.7369448353 1
6.12962430796 15.1106490884 -1
1.04917335595 4.63556946297 1
14.3965642373 11.0547329398 -1
15.875363454 15.0919768343 1
11.5930712618 12.7622411605 -1
4.23841963692 19.6420139758 1
5.74471888092 8.27393248844 -1
11.1169832882 2.37828174846 1
9.80060285654 6.45310222777 -1
19.9401865288 0.992860554176 1
3.58197210154 9.31393290188 -1
18.6886379291 1.2982831288 1
7.65811879393 4.02167207256 -1
1.05647549599 16.5796774557 1
8.35688712985 9.41889300126 -1
2.60050653034 17.1707189246 1
13.0299022017 8.81268543557 -1
15.448634462 14.5919384066 1
13.0668116226 10.4612970642 -1
3.35767332075 0.196421958123 1
8.71180732379 7.81519550572 -1
13.6424270539 17.1591554434 1
14.8116830444 8.00125293571 -1
0.748922284601 14.8256221398 1
6.47316813817 14.5072662627 -1
19.1795351081 9.39386883775 1
4.96134638065 6.86926904379 -1
10.5938381049 0.444206917037 1
13.6952641461 12.1718879784 -1
11.535751224 18.0686302088 1
6.34880808439 12.3386589376 -1
13.0010774235 1.24675613551 1
5.71320264778 5.3358385821 -1
18.7089487078 16.0498037686 1
6.12449368339 8.5670138823 -1
8.16925855211 16.8391899192 1
3.5223424805 12.1209350526 -1
19.7587686186 10.6440258843 1
12.0478499305 16.5802661942 -1
19.8179822076 5.9424419478 1
10.5201952585 9.55284332058 -1
13.0087178952 0.535748637716 1
11.4062223384 14.4438583429 -1
7.98001439518 2.62200204132 1
9.52890974019 8.38826856892 -1
18.6473147048 15.8506411436 1
15.588838511 9.50758097587 -1
1.3467174262 3.22443662928 1
13.5450909663 5.29496035587 -1
19.6785179126 14.3609250756 1
16.0835467848 7.08179710087 -1
17.8010455136 3.17091025158 1
11.3396991346 12.8863157737 -1
5.61388531897 1.72038499648 1
9.40331067961 11.2149480676 -1
4.91782785027 0.387665147244 1
11.9575529835 8.67193788957 -1
17.7563704025 18.7068077916 1
7.82720211585 11.3859635883 -1
13.8838202398 15.8767189563 1
15.3121121265 7.59849672898 -1
0.628233577892 9.9196047327 1
5.27944192508 5.84888809616 -1
4.14148105737 18.7705024611 1
9.7997157196 12.1541468952 -1
5.68309264696 3.6517304127 1
14.5157969231 11.1213021967 -1
3.24588520757 17.5978242078 1
6.51483050263 12.2223656747 -1
3.15562388771 7.02340974899 1
5.32494057631 12.0180432315 -1
18.4697477165 13.2869246956 1
9.83899613282 3.35359970233 -1
19.8283912147 9.36792103262 1
6.9975801909 7.91328947923 -1
4.29511542988 16.7007965624 1
12.5334224654 10.8377695564 -1
14.9035971691 0.408194393612 1
10.4078630806 13.8345991401 -1
19.4017577795 4.84685697834 1
12.0604399371 14.7991913396 -1
3.22489611755 12.1850872473 1
10.7976058559 5.20498882551 -1
16.2707780301 5.10959263711 1
4.0280761287 10.6352595329 -1
19.1326899894 2.77092225899 1
12.3171521204 7.83036230108 -1
19.0312429427 3.81496362747 1
4.70376605663 10.0772310558 -1
15.9083145385 17.0339220323 1
15.0467095319 14.5489460063 -1
14.3625662977 17.4968682812 1
15.4587834077 8.34751687813 -1
0.664101190864 9.99687531548 1
9.38473629568 14.1778392388 -1
17.5821092467 13.1923141607 1
9.03211676346 4.10389834646 -1
16.9404640093 8.21364177368 1
4.82822091508 6.80247886843 -1
17.5251595677 9.06543549628 1
14.7791829331 14.3035822023 -1
14.9294770695 0.437507051955 1
7.21591488397 8.83992881219 -1
7.00211993769 2.59418011059 1
12.3301256529 16.4112781173 -1
8.87989910485 0.521759948363 1
3.33169229828 8.38135062735 -1
7.78132429453 2.82673306233 1
10.9823503125 13.1437132902 -1
3.10106825738 7.83335938531 1
16.2628467912 8.57809891395 -1
17.0562933484 0.840525252466 1
9.02443203553 7.86074859673 -1
0.796288140948 10.370078345 1
14.222239836 8.14223240937 -1
0.845169316115 5.74435048329 1
8.82398975147 11.7552708732 -1
17.6189132785 5.46209070508 1
13.5986893553 12.488021048 -1
3.01331291717 1.47768776348 1
4.72741596183 7.45191350714 -1
14.9200038039 18.5416073622 1
3.96756894475 7.0957452961 -1
3.23943242439 2.17978073661 1
12.0962177117 4.81031255203 -1
15.3864995422 17.9519714584 1
14.5793839567 5.68269358156 -1
17.8121861885 6.78723143535 1
14.1124337733 10.3577687438 -1
11.1950806598 18.8198740835 1
10.2826663652 3.52670080841 -1
16.2595950328 3.96167131303 1
14.296788518 8.96391260902 -1
2.52904820992 6.12905649665 1
8.71799397894 9.97921896277 -1
2.33035919926 4.01917319862 1
14.447367604 15.3400518447 -1
14.6637704497 0.175378453348 1
7.94347195045 16.0214998055 -1
16.655600816 1.23463970162 1
5.80960175088 14.7170405252 -1
17.1306723716 16.4463314059 1
14.5779569311 7.62488870447 -1
0.27766353045 1.59693411473 1
13.0361007346 8.19397534832 -1
13.5238554041 19.1368020187 1
13.2089761258 11.6144024968 -1
19.4548178895 19.5039559603 1
12.5166847297 12.6541006013 -1
18.2563948089 7.99473962337 1
14.4792824729 7.7451844692 -1
14.1017538769 19.7774899053 1
11.2663112515 7.97275587861 -1
19.022973427 8.71656845773 1
7.82333260206 13.3138306371 -1
6.8206271467 3.43952416467 1
12.455468726 9.15381620831 -1
2.84604798798 8.50557856517 1
11.6948607547 14.5374003774 -1
17.0672530361 14.7819645406 1
12.7279671996 6.2728469013 -1
1.37856485644 8.43682490357 1
12.5102992715 5.49596402161 -1
17.0088230515 18.3008394427 1
8.69395056172 11.2212807562 -1
0.285148898465 9.78235440572 1
8.41670140567 3.66560220804 -1
4.34069427239 18.9660450351 1
9.17284202983 4.59428637115 -1
10.0768477111 18.2038305763 1
15.331111603 9.02303263199 -1
16.3116050558 15.5317301063 1
8.53681795268 3.64815218246 -1
8.58955556568 19.4656510558 1
10.1314453774 3.44465023247 -1
2.22840960203 10.5846418887 1
15.4885949033 12.586689772 -1
3.07188992358 4.87096944246 1
7.40526854318 12.9701575959 -1
9.79925865767 17.8231423565 1
13.3211659718 9.38876039118 -1
0.229784895729 2.09317212729 1
7.45705543061 10.110276859 -1
4.63190078543 2.83478017678 1
6.17498502155 14.0809255245 -1
5.39419557133 0.502501523985 1
5.7793126456 8.13291331632 -1
9.18425915781 2.19978216821 1
5.59563274581 11.4699609799 -1
2.20176901579 3.14046504737 1
6.46639005861 5.9573681675 -1
0.807254475715 0.118680435962 1
12.9473134458 7.32323044199 -1
10.5274818934 17.7629270688 1
8.04697195837 14.3010313463 -1
2.57722708779 10.4842928911 1
11.7526217434 6.65381762209 -1
14.5346518148 18.2858628313 1
12.7452475395 5.32094745866 -1
1.98681664374 9.3668921568 1
10.5370060462 9.45553925007 -1
11.9125302631 2.85975036414 1
9.60791809712 6.34203247202 -1
2.47301467493 14.1308114028 1
11.1048603852 3.85634521474 -1
2.64200464981 17.6080476837 1
16.6114339701 11.9490843633 -1
1.52144841151 16.9854454683 1
4.16593532727 6.54266729573 -1
9.81827341861 0.381671380867 1
8.62524767161 4.65572973172 -1
18.2314106497 15.9878221129 1
8.61078609981 10.67000351 -1
3.22674327525 6.24270349567 1
9.85434696327 15.2011879799 -1
1.40586345139 1.2503164317 1
15.0725160124 7.45660169353 -1
1.08539912889 17.3678284407 1
8.80963050802 15.2793977253 -1
5.38210056334 0.44279150199 1
8.67217280998 15.1734329211 -1
11.8149651449 19.4094905572 1
8.89314789572 4.02171819685 -1
19.895122165 9.65758638664 1
8.22282632976 11.2191884184 -1
5.38937082305 2.42212864845 1
10.2627354466 13.7718999222 -1
18.2033766347 14.7992473017 1
5.55957272528 15.033436129 -1
2.90791664916 11.3477154153 1
7.55966077632 6.49234584791 -1
4.29311439575 1.29525908806 1
4.7542744297 10.4132371892 -1
5.56722489891 15.7202008237 1
8.62224330392 15.056036856 -1
18.7881056878 8.87432522106 1
13.9965201608 5.09036425448 -1
12.674313316 1.14893497472 1
12.8877506321 6.66095748085 -1
18.572785229 2.19233923105 1
3.52878482421 9.91501484731 -1
4.87585918312 17.5119708186 1
10.8560767995 5.58345269962 -1
18.4322348018 10.6309653162 1
14.2459322852 12.4547983084 -1
19.0536043978 16.8162679295 1
7.68599974069 13.9934298055 -1
10.551335429 1.13888486182 1
9.5365258956 6.52361009091 -1
2.01924802142 13.0638214555 1
11.3369396848 4.79258063668 -1
0.107448079257 14.6625051561 1
8.9037570135 6.86281693208 -1
8.16660621141 17.9130594641 1
6.2432716878 4.94711824665 -1
19.9820597529 6.99829204879 1
10.9454028159 10.3896734097 -1
0.593774856847 0.805748053084 1
8.97048654827 11.9695208081 -1
12.9901795453 0.858233782966 1
9.63822466191 5.8150819412 -1
0.0699993947351 15.0270716463 1
6.03704784282 6.99962524042 -1
5.76492237901 1.31436900004 1
4.59269321779 12.5460053219 -1
12.2937564141 18.6126836057 1
10.4607235006 9.57075581524 -1
13.9367535555 3.77282725822 1
3.6672957846 12.2787388248 -1
4.61731056827 3.87934681802 1
13.1381383035 14.1199197639 -1
9.9390017612 1.6050158314 1
12.5581287859 6.43635306025 -1
16.1340934023 5.01587853296 1
7.69908366943 8.27416966601 -1
18.348518898 19.1088764412 1
4.62742576707 10.931959249 -1
3.13625163142 8.18664456828 1
13.6893180978 9.79273912303 -1
13.2242529164 0.294318028389 1
4.35952842443 8.88791064281 -1
1.02320295791 15.1553374092 1
13.8824553265 13.0687215273 -1
2.44510731278 7.98408304807 1
10.8624607925 16.5843380438 -1
18.3079826647 15.7251481557 1
11.1566506678 13.1823430542 -1
5.4946180017 17.9049880358 1
14.2830229201 5.26375099833 -1
2.02818839035 11.0221936526 1
12.63247427 11.673967295 -1
18.6632848152 19.1705733126 1
10.1625346938 13.9203079458 -1
0.590991340404 2.50798759338 1
14.2677311859 9.44418787956 -1
9.94529255085 1.83949959638 1
6.76663209403 13.5151898563 -1
16.28751804 4.31227764883 1
11.7350213359 4.77393736509 -1
16.5215604601 16.5006315309 1
9.46570575979 7.72188474673 -1
10.0819559659 18.5050396981 1
16.7598130502 10.7929953226 -1
4.26364785675 14.2199692101 1
10.0957051658 9.15555424182 -1
1.08214726175 2.88416479622 1
13.148628356 11.5929973853 -1
4.03439865382 14.1869361868 1
14.5042325706 13.2477820041 -1
19.4991654773 16.5934920155 1
12.2710097836 7.8586165985 -1
13.6822462334 16.8594130778 1
9.15417984158 9.42829068301 -1
3.09269858037 13.5127479615 1
9.55254373204 7.71060563402 -1
5.87904887874 18.8291922173 1
7.06159025849 5.89382999646 -1
9.09751386101 19.1091631582 1
15.089484152 10.2233273145 -1
1.84775417046 6.33893141512 1
7.85255011876 5.25082692445 -1
3.67541891754 6.79853102593 1
9.90026683851 7.49878017625 -1
2.59511557563 3.36152205477 1
12.3937449286 3.79927593539 -1
2.72817094165 12.5515111065 1
12.0583039384 14.4430879474 -1
7.11618853906 16.7117837418 1
11.288487007 11.0868555532 -1
2.84107007143 18.2991901451 1
13.5393083747 14.036967315 -1
11.4604639199 1.88332702175 1
4.59098424166 13.6995696114 -1
19.1875691137 9.22320069016 1
13.2082167559 13.7311343829 -1
9.84249778937 1.14944699 1
9.43735511937 11.4848219099 -1
14.9785097086 0.905507020261 1
8.31995602847 13.4242542153 -1
17.9538270947 15.4794094759 1
6.53049807558 4.89209810923 -1
8.09792510803 19.3635966361 1
9.79360647559 13.6779127444 -1
1.55396709081 17.1227186894 1
11.7416135646 13.1914690001 -1
19.3017302097 14.5255725632 1
10.3253053289 3.54881513237 -1
19.6286942883 12.5953102653 1
9.89873648192 7.51181695408 -1
8.41280929895 1.54527007871 1
9.81783983391 6.58766049579 -1
4.04761530502 15.4872100827 1
9.5931253489 10.4456314503 -1
11.6416958339 19.7723676945 1
16.367661891 8.49888083336 -1
12.809149602 16.7020887718 1
8.39786235397 4.80333453633 -1
14.7768222284 4.03954534874 1
5.70143718749 13.9095003961 -1
3.09663186245 7.33399845386 1
15.7063041452 9.75520095245 -1
2.82147276829 11.9772424087 1
6.7818781886 10.5012425109 -1
14.0622187595 19.6556981233 1
10.4933885383 7.5381790795 -1
17.3484640924 7.60710333578 1
16.68507005 10.0602267734 -1
0.339763533915 9.49774812458 1
5.58872237885 5.34032363243 -1
12.946091928 19.898165112 1
6.27172925984 12.5583992311 -1
3.73341022812 13.869680975 1
7.91060601745 6.13319584315 -1
2.27927053623 17.0729381608 1
14.1114655853 9.80280151746 -1
19.7212452254 8.66911383714 1
7.06593781467 12.9116499214 -1
2.85427719538 16.8863419031 1
9.45519892071 11.1571877684 -1
2.25356294802 11.8092613769 1
16.435440659 7.72673695497 -1
3.61852518863 16.4389345139 1
16.3395294755 8.89697407611 -1
8.18183911634 0.238937301888 1
13.3876256478 4.94233730745 -1
2.79469836422 11.7708552008 1
10.1984255038 15.5931469662 -1
9.09470067364 1.92195461294 1
5.6268465191 7.18219661721 -1
18.8393974675 14.7181749995 1
13.0783381819 5.51272352204 -1
19.4829884689 7.05211770082 1
16.5906283891 11.4183463496 -1
0.709501426653 16.062660935 1
4.41848253577 13.9251646341 -1
17.9831077231 12.8295760067 1
5.76907266307 8.57058302665 -1
2.30725873653 8.87484707423 1
13.6408630068 4.31349820868 -1
2.59115474937 10.3417159801 1
12.9555919865 15.9288682609 -1
5.56610703244 4.0040561236 1
10.6742039914 4.72617262068 -1
5.57672622503 16.3946423736 1
15.4762219778 5.66836853793 -1
1.92825651881 2.46916490413 1
5.30636942971 13.5545471621 -1
19.8521197567 13.5911638959 1
15.6807168439 5.92401615181 -1
1.28417811472 13.469227457 1
6.38702076969 12.3968262109 -1
0.725642632018 16.6838620545 1
10.8775665423 10.8275648159 -1
1.48371118025 19.221641868 1
10.5498497744 9.33303053259 -1
0.286152127999 17.6994034802 1
6.52120521648 14.9794408782 -1
3.24133991826 15.985320668 1
15.6974512777 9.79035288841 -1
0.749065503104 14.0048763457 1
6.60618066215 7.42865578915 -1
17.7301520012 14.2981532276 1
7.55278124754 6.48639364342 -1
2.30509618408 12.5302657769 1
15.9900616689 8.5978003493 -1
3.22670192837 16.8249390713 1
15.9473362283 7.84001894106 -1
6.15071925683 16.5180220769 1
8.35555785 9.36414623079 -1
16.4379623818 3.62592391985 1
11.7417726649 16.0924241927 -1
1.84046276397 16.4454170847 1
14.0370036851 13.2978739429 -1
17.7045148646 18.963102369 1
7.90431248855 9.97604892977 -1
11.0720842218 17.3309907833 1
6.37216257601 15.7472831882 -1
1.98384744508 8.38525556601 1
8.15650060296 4.82178522403 -1
17.8165009225 8.29025152944 1
15.5767802218 8.04197307273 -1
5.45441161133 19.5298221764 1
10.0248765146 11.5005305347 -1
17.1332886319 7.3968130848 1
7.71721071345 13.4169565335 -1
1.46108650235 15.664993497 1
13.4632956288 6.93791890541 -1
15.6182492327 14.2270058747 1
8.32921123953 16.1089255584 -1
2.70558875477 5.61991102258 1
10.3038352362 13.3093606531 -1
2.59468111237 2.32655069956 1
11.6402352625 8.94754140522 -1
16.149325455 15.5967623358 1
9.51878935131 16.3152862894 -1
13.8342590754 18.5678920879 1
11.9013193745 14.5609817735 -1
6.14169207137 2.0478026602 1
5.71767840978 11.9651980547 -1
18.9823630102 1.68916263242 1
13.8081715084 7.98969316446 -1
5.48426821259 16.7910198627 1
16.2371814927 10.0607311843 -1
18.3259570309 4.32183894056 1
7.42139499069 14.9139904513 -1
13.7167445695 19.9570576642 1
3.90719306689 12.3987894983 -1
19.1843887815 3.17247697118 1
9.44763250317 11.4458020116 -1
19.2560463195 18.7546123693 1
4.37349596209 11.1262507864 -1
17.1665694822 7.42079168789 1
10.6976962332 15.1420525404 -1
17.3708918253 9.69463352879 1
10.1300762026 13.858821688 -1
6.93386980443 0.0199322564875 1
7.91825395391 10.8865155147 -1
0.968462657623 2.58219177184 1
6.20180996613 9.89715648945 -1
1.6675265831 9.99269101945 1
15.5128355301 5.7858380112 -1
16.8308892218 1.75753747087 1
9.5660999393 7.8372341346 -1
19.9504734009 16.4328408322 1
7.32729647637 13.002901644 -1
15.0778692143 1.6233846998 1
13.9361230768 7.90593210759 -1
19.2003444021 11.3424499447 1
6.94681758688 7.11641447354 -1
0.756646740081 14.2410336035 1
8.86816954721 12.7564024976 -1
3.47633744495 1.37044251499 1
14.2629290677 9.06927417559 -1
17.4906527717 18.585000937 1
6.96847113813 4.14843484411 -1
1.15460242049 14.6960796151 1
14.8502099872 12.8206254271 -1
16.3185060047 2.95265134831 1
10.443190718 9.05340005027 -1
4.93307027785 19.9836648685 1
7.37862855358 3.62777449186 -1
14.7234434692 15.7171680922 1
13.5036361475 6.74371782335 -1
18.0308971756 6.72679891224 1
8.75749344099 5.00212140686 -1
5.29961550364 18.3585879633 1
4.06109986301 7.64353703649 -1
6.57167889793 17.7648964498 1
16.0122663789 9.05312741279 -1
18.8539794309 10.4208933962 1
6.12128792237 8.84119120472 -1
3.47354840242 13.2205194316 1
10.6561834747 13.1480114679 -1
17.3184881725 5.95447903685 1
10.3968652165 8.87489814594 -1
19.0816393564 15.7183286732 1
4.83464560427 5.77222079893 -1
18.5755148139 9.20252676892 1
7.79600998371 14.5909063078 -1
0.328604112809 1.6292711008 1
7.80677664954 12.0163246504 -1
2.79202314023 13.7127071286 1
14.8354808679 11.1385728031 -1
19.6696693756 16.2160448252 1
9.91583809474 11.2720675618 -1
0.0302772234467 7.3353789786 1
5.92927471404 15.5557478864 -1
14.9670214635 15.1044139366 1
6.41509272969 15.1541471617 -1
3.54963406126 3.03496702456 1
5.56837299057 15.3528981347 -1
4.17982751188 18.5880854226 1
8.98218391727 14.6828986484 -1
2.23552891481 6.37254584121 1
15.547991448 13.8953977965 -1
1.34742827117 10.8676556527 1
5.19593642457 10.9801597297 -1
10.3120010893 0.137601609628 1
6.37291146718 4.05716825616 -1
2.89742456943 19.0845631809 1
6.96926945736 12.3967261692 -1
16.2320648303 19.9324269398 1
10.3091304929 12.5828032537 -1
19.7674258288 4.03791653785 1
6.3896545392 6.24495328714 -1
6.65418372428 0.335480240676 1
10.2650412278 8.30996129381 -1
11.9934065731 0.256760789123 1
8.9375973833 14.5912206083 -1
11.4542583783 1.36948468002 1
11.9778952968 11.7847155461 -1
0.439758205309 3.09439778531 1
8.12580274027 13.5582881891 -1
1.11439706885 2.3771019011 1
7.70899120096 7.03264804833 -1
0.0173624625138 2.9317230374 1
12.2274912287 13.6594102158 -1
2.03760855084 4.49544904898 1
16.120352714 10.3735474051 -1
16.4138158998 0.203868687874 1
10.7585253658 6.77698758307 -1
19.5542336185 15.3125051044 1
8.13317571234 14.498433501 -1
7.19890538399 19.8228150514 1
9.02650172888 5.44655977273 -1
19.9751106694 9.9280462453 1
14.2101981086 10.6190740011 -1
0.260167226403 0.111315161904 1
10.032104529 13.6974844273 -1
0.197467333611 15.1621398547 1
13.6802672882 7.72198023587 -1
16.2673998025 19.6035247171 1
7.4162567268 9.70808194324 -1
19.3431069705 10.0130522263 1
10.6295519096 9.35043715316 -1
14.600861998 16.776834739 1
6.5684543299 14.6317979588 -1
16.9417485464 17.113877085 1
11.0238804293 3.83220502844 -1
15.5650366981 1.98610038575 1
10.1861897759 14.295267552 -1
17.6438785275 13.3439655526 1
11.687474719 11.5722497116 -1
13.9895785708 2.30254802194 1
5.87741211911 7.72657888711 -1
17.5980168335 13.9721028977 1
7.630536823 11.6965209959 -1
10.3488014348 19.913469972 1
13.5951483417 9.43354272635 -1
9.44059366687 2.83581851959 1
13.7889391087 9.4855646433 -1
18.8326910464 0.0307768824253 1
7.45030897968 12.4438455228 -1
18.7935495831 14.0699431578 1
14.5450226036 6.04462914693 -1
11.7370110273 1.07425927398 1
8.7892508474 12.7775368832 -1
2.14370320334 12.3306553589 1
5.85063006969 7.09586646823 -1
3.36692304136 13.1325791355 1
16.0921758636 8.80655001337 -1
2.56124984022 2.51797324392 1
12.8952579477 5.67993829575 -1
10.578537722 2.56420245875 1
6.26892079515 11.8645195932 -1
0.929090777387 16.052902025 1
8.65778521811 6.87070667845 -1
1.85077749193 1.38104362217 1
8.82699503365 14.3360861844 -1
13.4982212887 0.893406434535 1
9.51949376944 8.2874272655 -1
19.7420837304 18.7535177023 1
6.94472890482 16.0117675046 -1
16.1121194297 16.5711606238 1
13.7547263714 14.241999531 -1
3.35911710689 1.63161114378 1
8.91664252207 14.7725375839 -1
3.73046122893 13.9768711673 1
5.09194129336 13.438698822 -1
2.11731596853 3.73073322101 1
14.0763051759 6.77763180221 -1
2.26250287232 8.68225711654 1
8.94971037184 5.48506426063 -1
4.45662137174 3.83741736011 1
14.9584714332 11.5411450897 -1
16.8400787588 14.6075122276 1
5.20438835759 6.40979040102 -1
18.1583495444 0.906761654447 1
9.45913891742 4.39964968622 -1
10.8359263131 18.1947078802 1
8.27292121471 3.93547513653 -1
8.61324435086 1.43520516314 1
11.7798105371 5.7516588136 -1
3.69780496303 4.69706770297 1
9.02052502853 14.3426987837 -1
17.1826117448 4.80765692354 1
10.660552577 10.2077496163 -1
15.6242300565 19.4494615998 1
13.9519095411 13.2002064376 -1
11.139962738 17.5711369045 1
3.93952444646 7.36626325938 -1
9.2944640626 2.90994993168 1
7.34699891101 7.35586700704 -1
6.42369933033 3.34448028036 1
4.22013867435 8.55502168702 -1
1.88861173806 5.14593823858 1
7.97657740634 7.67249953741 -1
1.72087579993 12.3037761401 1
13.1461955781 12.9763295583 -1
7.47863674889 3.14184959809 1
7.02865694731 3.82669604531 -1
1.45196821804 12.67709307 1
14.3483584472 5.16371662379 -1
1.7618322352 12.1913135351 1
5.66979715758 8.37029784199 -1
5.281018083 15.5611023723 1
6.82123054159 14.5325573876 -1
0.31386867872 2.28792917119 1
6.55817430219 11.5435014471 -1
5.70961847947 18.4093308846 1
10.6677536742 10.8221735423 -1
1.57219437463 16.1236285715 1
11.6218641581 14.5677067775 -1
2.44590860209 17.6067431243 1
9.00991056891 6.63817673238 -1
3.49632819399 14.7999404209 1
7.30242831089 9.20707387351 -1
18.1894472115 19.8897732782 1
11.7334900845 13.2624102963 -1
1.843166137 8.37374412397 1
13.0981969093 7.88042953921 -1
12.1781483555 2.95242163077 1
12.7543743036 11.5928086072 -1
17.9965486903 15.0388840895 1
4.07059028741 9.22148040644 -1
1.33966080646 5.62011831093 1
10.6578066002 7.0658267799 -1
11.2816424427 1.55536896957 1
13.5124435047 11.9525419057 -1
19.6693166589 6.94117466845 1
5.528196436 11.5439658615 -1
2.51025502228 11.3582205425 1
10.3739356063 5.01450295451 -1
19.1023906614 15.7747706544 1
12.4507929791 10.1177432632 -1
0.0228865724179 1.53029305901 1
6.77995011168 3.79618980311 -1
1.48817367515 16.4286131352 1
12.1805889217 10.3061286154 -1
0.258685880684 15.1408157301 1
8.55890947387 7.12930512526 -1
19.0454028792 13.5529466212 1
4.97871979198 7.7106265042 -1
3.6442854942 6.90116845323 1
11.0440377332 5.53825774398 -1
12.3803085203 18.5291460862 1
15.9677132678 10.6383624902 -1
15.7263298057 16.6834142229 1
5.67803245316 11.9720775967 -1
9.13205022684 19.6826403187 1
3.66238709622 8.87680118718 -1
9.0211963078 0.0512751009664 1
14.3089108321 7.2037139616 -1
6.50376386606 2.39117443068 1
12.5662106039 8.27410693191 -1
19.9314039099 3.72186377668 1
8.43819541668 11.2012982079 -1
4.50090701751 2.06219524294 1
7.80412744635 9.06462310687 -1
13.6757866543 18.0939870907 1
4.30415527856 9.12432490409 -1
19.4206864636 6.84155104675 1
12.9514386759 13.6208688093 -1
3.71437627636 14.6541492992 1
10.5310947314 12.9440869227 -1
4.09226669691 19.3034416448 1
8.85504623386 14.0967040549 -1
7.26342621796 2.462689515 1
13.1823037198 4.63942807024 -1
2.80981935539 13.570807909 1
12.8084893972 11.6436566271 -1
18.4973344807 17.4624380742 1
5.41613349094 5.27035641821 -1
1.29493029713 14.0191840886 1
12.9366804409 8.04057809356 -1
10.8492990794 17.7925943115 1
12.4620263587 5.20563674595 -1
8.69046442176 3.03427220892 1
4.33383551003 10.1303514463 -1
17.8567766089 6.55978999584 1
7.65807232267 10.832432782 -1
12.5917817331 1.28634474968 1
10.4245208224 3.80873180488 -1
18.9164663023 9.61367555989 1
5.14256046229 7.55152050064 -1
16.862949366 7.23765760385 1
10.686863582 15.42559686 -1
3.97512844147 17.1136004938 1
11.5878360846 9.7032813526 -1
4.00063261624 14.0113525116 1
10.5746292437 3.97419329509 -1
15.3750751315 14.812318007 1
12.6036767775 14.5866441634 -1
16.8538667987 1.52306676921 1
8.55020069867 8.46619989585 -1
4.08034475818 5.58305407689 1
14.0434320975 11.7032255164 -1
16.4352410343 16.4008532205 1
11.6309490756 8.71942850739 -1
18.9837947772 18.0487532535 1
14.3053055395 11.5348285572 -1
13.221268697 3.12786150239 1
7.34311625334 4.16676030227 -1
15.5810847005 15.5627943631 1
3.39968348953 8.82414174293 -1
10.8336457924 2.74939026818 1
5.00521882021 10.8634729592 -1
15.2754893706 1.32872778734 1
6.52711305132 5.31773324616 -1
19.6701818374 8.24303102568 1
5.2107155542 10.2851451946 -1
11.5188770809 0.134665751349 1
12.8761295091 10.8151772669 -1
3.01076624302 3.14874713645 1
7.20129235614 12.3995389399 -1
19.9530610554 4.23855891335 1
13.9678740148 13.9891939732 -1
1.9990164728 18.2284015809 1
14.0799610513 12.7325990554 -1
0.779733908943 19.4024576221 1
7.77532274086 14.7195109383 -1
3.57038356688 15.9155808127 1
15.7614221703 6.46559932818 -1
2.02273550795 8.50461405785 1
11.8687068973 13.0492050599 -1
9.46559506496 2.09088113091 1
10.6558788188 3.31905226366 -1
17.7952057499 10.0526826718 1
12.075273009 10.7339122637 -1
16.0490747404 17.2419757598 1
8.55858860359 12.4584748329 -1
1.97203377067 12.0316703251 1
14.5617428935 14.6787841953 -1
5.14762608553 0.407618090322 1
5.76462448513 7.32386752605 -1
19.7718253917 11.6498422839 1
15.2926407741 9.46058628838 -1
3.03955183896 14.3583011146 1
4.61019105013 13.1562295222 -1
4.7413237413 2.28946791424 1
8.25597180437 9.00126488585 -1
16.9665651858 0.408171406688 1
8.71684530818 5.41639246042 -1
12.5492727225 19.359228635 1
15.0565347501 14.4403733244 -1
19.9026118281 12.5391816938 1
4.8493975441 7.09337326214 -1
9.68427424089 17.322521529 1
8.42717851554 10.7913335589 -1
15.8073676646 19.953412332 1
6.94176780456 14.1837186042 -1
2.64743347803 8.80212413283 1
3.8493450958 8.64081985465 -1
18.5343629195 0.731796549553 1
9.7361928528 8.84653712811 -1
9.29449693849 17.5845940029 1
14.1962339385 9.24477072326 -1
2.44883655026 13.5692874675 1
15.7247970151 7.06191604861 -1
0.926761942287 14.3474407519 1
4.51334610486 10.4124999393 -1
9.40210668372 2.49602458907 1
7.06225349834 11.8216686722 -1
2.87663439035 12.8504272486 1
9.87899970437 10.3207493694 -1
19.015008915 0.12934608206 1
8.34829662652 11.3115989427 -1
0.662724368648 14.028445766 1
12.7447600593 8.66942062728 -1
19.4315308961 4.86779433978 1
15.9801365762 11.3368318949 -1
12.1426310608 18.5585117762 1
13.6356030097 10.6291465635 -1
17.0295805539 9.91833165831 1
12.7420802934 9.44564224609 -1
3.85311261671 0.128414234182 1
5.74902391001 4.62387543839 -1
5.76641701498 15.7346999794 1
7.44974017205 11.0492435695 -1
5.43035554016 3.37787499922 1
11.7714120871 4.23919546297 -1
0.42286838816 9.34159046643 1
8.61812543721 6.56996396308 -1
18.9145737129 18.1156817109 1
5.41547817222 5.89933447271 -1
7.44800919857 18.3291846747 1
10.5332484067 11.8367437378 -1
18.7670453638 12.467500823 1
14.4603374536 13.0031224499 -1
6.71922736153 16.9260310996 1
3.71657759996 9.05625234979 -1
17.9557801066 16.2133434975 1
12.2873190601 14.4883280735 -1
0.567282036189 7.58395724092 1
11.2529034873 6.93529053009 -1
19.2919376918 9.50058432211 1
6.7471646462 14.0147735886 -1
18.6111420639 9.31180269713 1
4.38922433671 8.05908095879 -1
19.2375638166 11.4433728268 1
12.1497408213 10.2431182014 -1
14.9245383674 2.28676241427 1
7.55400495843 5.88378638224 -1
15.6428901629 1.38973716514 1
4.92717565681 13.4371709668 -1
0.527883775965 19.7614396866 1
13.3287037604 11.1446567537 -1
19.6054423064 11.7187446845 1
9.03352235018 8.60395435364 -1
4.32600069106 15.4581252398 1
9.21993739195 16.4928175544 -1
9.51644168175 19.2865392111 1
9.11010435853 13.4097416435 -1
8.97124630911 19.1991996886 1
8.59659155416 15.4356271783 -1
5.07537968428 0.390925520962 1
8.80649326237 13.4138650765 -1
19.8824093563 4.59172231247 1
5.78942174538 6.67980817439 -1
7.95263138177 0.756566029758 1
7.69514707777 12.598645228 -1
3.23132296732 14.827627986 1
4.51777676371 12.2717020129 -1
0.909598092933 16.6041631287 1
12.9896584273 10.660019507 -1
0.0636937554212 2.79771129388 1
12.0578623589 9.80170745181 -1
18.4351170864 15.3637211319 1
15.3821530674 9.48361242826 -1
19.3250135955 12.7122585981 1
13.0367859093 7.09073728399 -1
19.1586351994 11.2014272196 1
4.61433889774 7.98032411189 -1
9.33954764768 17.3373103431 1
6.91384292576 9.25962174907 -1
19.6909108801 12.348569717 1
10.2480809034 11.5061756255 -1
19.812304227 10.765334076 1
3.65630176622 11.2446558972 -1
0.667183478868 0.265960193071 1
16.0204472546 9.18003384305 -1
19.5165021154 0.524271806795 1
3.80958312725 12.0048624598 -1
19.478425905 19.2140705153 1
13.6869528535 11.5414263027 -1
2.91216565965 5.69536985516 1
10.4001684291 11.172046644 -1
4.59152918222 18.3274241886 1
9.74012980381 12.2459619144 -1
8.95933273111 18.761318641 1
4.60390802327 8.84842757155 -1
13.5216423692 18.831785196 1
13.21314237 12.43935203 -1
11.1612660716 19.1040675109 1
9.60253335713 11.4387287278 -1
0.340679562263 12.0420930531 1
9.68762795858 16.6516233532 -1
13.7548643752 19.3068992509 1
14.8502912808 14.5593472771 -1
17.0457065323 1.64838694776 1
3.89117209115 8.83464080476 -1
6.34788202998 16.9019196848 1
12.7902443275 7.00866350464 -1
0.175816083349 10.4180186028 1
11.7595142113 16.5764522079 -1
15.7958006364 4.4101949221 1
13.7237149683 11.9315762071 -1
12.0651815263 17.5312441726 1
7.88058771532 10.2201599239 -1
5.21602506124 0.688027794236 1
9.54223445086 8.76339321084 -1
18.8857251748 17.9155872483 1
8.03108278952 8.52947092628 -1
5.49580385831 19.2663109886 1
7.67575973853 7.53357962575 -1
0.166167847392 5.19312686262 1
9.06071230849 13.5426165876 -1
8.07082314588 2.914241861 1
8.06877576322 13.8125151161 -1
0.569240081746 16.7513019004 1
7.20627541385 7.45390572501 -1
13.8723773081 0.570255138171 1
4.49191500431 5.91851086821 -1
2.1046201636 12.9928657942 1
3.25869199847 11.6521992805 -1
16.4392757293 1.62973112264 1
9.82264045291 4.02022747379 -1
18.9037418756 0.447334225545 1
9.60839080323 5.06633317646 -1
3.37433377569 18.5838769763 1
9.3875339776 16.9380384067 -1
17.6373147506 19.2845531105 1
7.11975251682 5.43632363289 -1
9.46199150901 1.54365231577 1
9.01836056392 3.97208685277 -1
19.8800557342 2.1978629406 1
9.62486542173 16.7726768033 -1
3.29860554314 5.79093749171 1
12.2351015762 15.58543243 -1
2.10333847884 12.9866265349 1
11.3435483972 13.4917110428 -1
0.858625014311 8.82389548767 1
16.579855078 11.7272644405 -1
19.3964593643 13.801497092 1
12.8695093336 7.60420319956 -1
1.4484103934 3.4421589577 1
8.89940612376 6.42178690257 -1
0.0989337131411 3.75111738873 1
10.3649169606 15.920131408 -1
0.46460972603 2.44535989965 1
4.77871892266 11.7756304485 -1
14.0282496404 1.20260256707 1
6.90600948903 12.6316267998 -1
16.5121399209 6.41365559716 1
11.7347440095 4.02376683794 -1
18.8557060117 1.22733801463 1
15.2781930295 13.2533107745 -1
18.4184889324 18.0661594318 1
15.2785819836 9.92588276039 -1
19.7098481551 5.92539410752 1
3.32585371612 8.65155038654 -1
19.3822417936 17.4783358055 1
4.4441191275 7.07163566702 -1
17.2885740751 7.85103749557 1
7.62995359461 8.8729112292 -1
19.7217495509 6.73603201547 1
13.2050832361 11.6184589092 -1
2.17349261833 17.8676303395 1
8.66312674884 13.4500031846 -1
19.8416034492 10.6377734456 1
13.1530403263 4.15542032136 -1
0.450030899554 4.9551205777 1
10.7464656062 14.6674369849 -1
14.3438440936 0.575587969299 1
10.4920400966 8.89162195417 -1
0.240756901606 9.14925866312 1
5.54518606165 12.2947515497 -1
16.2120567613 18.6051090505 1
8.7616129962 11.9743931039 -1
18.0280416884 0.0935251860745 1
5.19311880881 11.9574858633 -1
18.8044108976 13.3547484859 1
11.3719845161 7.66619499094 -1
12.4758296636 17.3962191143 1
16.0972310826 8.32011934774 -1
19.1830487941 6.8442255135 1
12.2366915835 15.4941945046 -1
3.31161052596 5.32284041634 1
13.2171552646 12.5671317241 -1
17.676038308 16.7525065868 1
11.6371001131 12.8896885235 -1
1.15660576055 11.7099898537 1
12.800558083 10.4783205305 -1
17.0055458126 18.5615963608 1
10.1694214622 12.6479078848 -1
10.4304871095 19.0722452317 1
13.5517509608 10.1006358176 -1
15.9537130714 13.7305173613 1
15.8757645017 9.54204321169 -1
0.756328727823 7.41485020442 1
16.5209943998 10.2556026642 -1
10.1904437372 18.2254178111 1
12.1264820745 10.2930782665 -1
8.43675260377 18.4740225607 1
11.198920555 12.5229929072 -1
1.00144125663 6.35494711767 1
6.9990518057 14.6283449615 -1
17.1149186557 15.592026866 1
11.6930678637 15.8989981871 -1
3.78043094871 1.24359298482 1
8.18803464249 9.01496013284 -1
0.70111765674 10.326509546 1
14.2332418208 13.400629304 -1
19.4449310154 16.4446898978 1
13.8805443069 13.206153546 -1
15.0200834461 17.920179905 1
11.981504983 4.4741679065 -1
19.6762235285 8.94242980404 1
11.0713669474 3.90492067795 -1
17.2830061637 16.9231880921 1
3.77111372903 9.31771516088 -1
11.4338366864 0.781040188964 1
5.27937133906 12.1374625534 -1
5.85847626408 0.551838120602 1
7.88284397507 8.62602341177 -1
0.0220829840133 1.90415033755 1
8.6629140877 11.6589801454 -1
19.74345979 0.841227043278 1
10.4843341789 8.02691389926 -1
0.488897431048 7.00811636303 1
9.49353760035 6.6631457723 -1
16.2154280195 2.84911874978 1
6.80731610828 16.0743437023 -1
18.1489824978 16.3758183945 1
9.28508401087 9.98669908854 -1
5.49200185111 4.16983771049 1
7.61688055839 15.8669242149 -1
9.64701534839 19.1769548509 1
11.2584568654 10.0905444723 -1
8.69680187825 1.02964367024 1
5.36742992091 12.1450653839 -1
16.3977128913 6.90904373811 1
11.8853987995 10.2587396411 -1
1.50606793541 18.5445165908 1
15.0359412508 12.1838869297 -1
10.4275609644 0.842130706492 1
9.20847033596 15.9599689413 -1
9.62803184771 2.67151359512 1
9.41801213547 11.8848609392 -1
2.3701092346 6.5847982799 1
13.4540868365 4.65874311836 -1
3.70129052834 1.25559547846 1
4.48600537501 12.7853171014 -1
17.5508165652 13.7510792606 1
9.01451341543 11.7367880962 -1
10.3319520844 0.90965148437 1
12.9713317966 4.72142127967 -1
10.0806355393 1.56744393814 1
10.076288117 12.3759732199 -1
15.1450861211 2.33252000117 1
7.56276840827 13.588000443 -1
9.00982076538 17.7155181253 1
9.44799235886 7.60016122338 -1
1.90188011429 7.09435814872 1
9.44285624403 7.76373831285 -1
0.83882296026 1.61977584912 1
6.73829913004 7.62372951637 -1
9.29515167918 17.7738236361 1
13.6626700373 4.35768016812 -1
19.3199583774 6.50209108629 1
4.28846699538 11.1438312182 -1
14.8696212675 4.94762766974 1
9.40875896083 3.36554497893 -1
11.3896620936 19.2394089406 1
7.01341445114 12.7581850855 -1
4.92891889816 18.7886984255 1
8.84433841913 3.42302320633 -1
6.18980062602 16.0150021703 1
8.4457854189 5.78005405557 -1
13.16797284 16.9171100806 1
6.80044993517 12.3109198809 -1
19.9936483949 0.810372029371 1
11.2111792432 6.72762484568 -1
7.86517433374 1.71465490166 1
9.59456996791 7.91654205724 -1
1.93591445036 14.9200417776 1
3.91189114454 13.1120064716 -1
17.7360882011 10.5581882459 1
7.81362695257 10.6683066422 -1
16.8976394473 12.0157045055 1
9.61593291976 4.81521665701 -1
17.1652537658 15.7773251101 1
7.22598352126 11.2407479741 -1
17.1441466154 3.27527754221 1
6.35198315136 5.48947752384 -1
19.2778948483 15.6176481206 1
5.27467067834 12.4603678463 -1
10.1607319984 1.25527870383 1
13.2767784732 15.7210234984 -1
15.8864354083 18.5264973393 1
10.6104654875 6.67886334526 -1
0.898502550977 2.37991275316 1
12.3155527559 4.17018120855 -1
17.219771809 14.2957268813 1
8.48723579696 11.5635398797 -1
16.8618445806 6.95416277957 1
9.5864158286 5.95555047356 -1
8.71905577119 18.7474797857 1
9.87750720911 3.8449973824 -1
2.80203227799 0.381089565075 1
13.951266772 9.01131570255 -1
18.3867629515 9.28901410725 1
12.4202218622 10.5080465881 -1
0.772244980582 17.9730210436 1
6.00665065739 11.7880903137 -1
18.8297086709 6.7826397245 1
8.80121723094 11.4914361734 -1
11.5240503819 1.62989693666 1
11.741317895 5.40893091963 -1
18.4209767308 19.2926825262 1
15.9256244406 13.5044182591 -1
18.2238139206 14.3995604621 1
7.17229804785 14.748843616 -1
16.2737547019 1.00469078615 1
4.09286800015 12.4363195621 -1
18.8083457192 11.0855806307 1
7.67158434128 10.0048177089 -1
8.77126340438 0.639696692346 1
8.97893415426 11.1515834613 -1
16.0818654582 0.130578448382 1
3.97285465166 8.94713315662 -1
7.65040730814 3.17735012576 1
11.439513037 12.1164072457 -1
11.2838708379 17.7099893722 1
12.6537605468 6.75956795185 -1
17.6923109389 19.5380465327 1
7.84627729236 4.52188822433 -1
18.8420421769 12.2575714587 1
7.70261616788 6.88843035252 -1
17.524073659 0.69954575959 1
13.7908288982 13.0433384117 -1
19.252805237 11.5162547318 1
16.0627668559 10.619353556 -1
19.6745385962 13.5453320744 1
6.3310295538 13.068749643 -1
15.1932734488 19.5341535435 1
7.27291572192 5.45588362175 -1
8.80534960186 17.5256562907 1
8.76562501228 11.8578987799 -1
2.16352709044 6.4184491757 1
13.8713574675 7.0222416049 -1
16.8378991389 0.518446062539 1
9.74004506335 7.01891410088 -1
7.99316713173 1.48469976161 1
8.231378392 7.60816078568 -1
19.5098100023 19.2018450621 1
11.5246154089 4.87653674647 -1
11.7114871222 0.108973846424 1
6.57243431126 13.4241906546 -1
1.74194044852 16.9328648191 1
15.5461940478 9.51456197673 -1
2.62336131437 5.47421114977 1
13.7847966078 10.5827374593 -1
0.890171876647 4.83719599637 1
10.3304181429 3.11402436994 -1
1.58448821158 1.87499992009 1
7.98066216031 10.0632296858 -1
6.35937575722 18.9065052384 1
11.326206554 6.03712159673 -1
18.8949866698 7.78072175088 1
12.9064772141 11.6547148984 -1
2.49958520675 7.3377130066 1
9.59737343711 4.85658310531 -1
18.006038192 12.6886983256 1
10.9914429722 9.24972156479 -1
15.4053380704 18.3895919558 1
10.4213532477 8.6339196773 -1
17.6686852097 3.14405207132 1
14.907322202 6.84233880941 -1
3.41670088702 7.02265650973 1
4.76447367776 6.31445682024 -1
3.52353522182 18.6280218491 1
7.02636981913 8.13114413882 -1
13.0757210962 0.194707414282 1
13.2537894541 7.65949566426 -1
7.40188668656 2.66404118313 1
4.15305372234 13.760433566 -1
1.12849308628 3.04021453789 1
12.6321681262 14.0906784681 -1
4.0336272311 0.225507774772 1
10.8155033224 10.0970753339 -1
9.67554484444 1.55290850225 1
6.95675693141 9.76927656196 -1
2.06973553622 6.74220359795 1
14.9285336224 7.30512991966 -1
17.9645904706 18.3386594886 1
5.05492884154 10.6698177423 -1
1.41521216911 12.2366322724 1
9.68269062822 5.14057995952 -1
4.91186812006 17.79080405 1
8.9755187608 15.403295463 -1
2.11419869572 14.6355684561 1
8.58913996206 5.82446088099 -1
0.679657235539 5.39317842711 1
11.1059461498 14.0724974593 -1
17.909768943 3.74646265118 1
8.45194926323 8.396005707 -1
5.32963091701 4.73035411917 1
10.7677349421 13.8733182582 -1
2.85671422076 1.49309528601 1
12.3930296011 9.02791128368 -1
7.81998996106 1.49812554508 1
13.5153821775 12.5171872575 -1
18.9260188866 2.76328261223 1
6.61435692524 3.97771533838 -1
15.182711533 18.421104017 1
12.8222307727 4.84954273491 -1
16.7299342304 15.5580211128 1
14.1494407163 6.29474242273 -1
9.1185728704 2.20094847961 1
11.4667904496 16.3779820784 -1
15.1109941032 15.5215779649 1
7.65042459955 8.68797610503 -1
13.5769520555 18.1919998588 1
13.6479267163 6.62770266153 -1
18.2488873528 16.2326613897 1
12.7549643592 16.3806522604 -1
17.7850026407 18.0418769169 1
14.7755010486 8.98975537251 -1
17.1153341134 13.4807707709 1
14.7483970895 8.36230292542 -1
1.4156053414 18.7524565695 1
10.0444836736 6.58894028096 -1
18.9622861892 6.1778218713 1
12.5333418634 8.6120176704 -1
9.54029522277 0.811010194021 1
10.4778268933 11.8359390891 -1
17.9702896452 11.5777283073 1
7.08544123835 5.81272669317 -1
18.8095545913 1.77592969343 1
3.56253375918 12.239394041 -1
9.67519685283 18.6256492401 1
16.1912520449 11.5538594016 -1
14.0030330713 3.34794487503 1
8.57753364455 16.0102348672 -1
0.935133637647 15.6218408701 1
9.14881350088 10.1185732769 -1
17.8041190349 19.3382093855 1
4.19665296592 6.89106329781 -1
7.87633242749 2.78081260055 1
13.6742589399 11.8844267261 -1
0.325599571493 1.81748387741 1
6.87059559791 4.49757394103 -1
18.4086907128 17.8537684064 1
5.20613400731 6.36326133052 -1
16.9211292964 5.53044542524 1
8.10501246298 15.3086778344 -1
1.72771923207 1.67030163223 1
6.93305264195 7.99098507343 -1
1.55698736075 4.52289119392 1
15.4223339631 10.7129844306 -1
4.81239271899 18.4250945608 1
4.94902601314 9.9379233373 -1
18.6705391168 5.34901509296 1
6.03448266716 10.2948609491 -1
5.16302294168 4.35213336916 1
9.02806843443 12.4748622398 -1
3.24773416395 1.97332198989 1
8.93618630931 6.6755615263 -1
17.1219357789 7.30644373809 1
7.49351630089 10.76038308 -1
17.2253493456 9.73588196405 1
13.7564554537 13.521109217 -1
19.1370190923 12.1516085601 1
10.2031395078 16.6563716611 -1
9.22528171716 18.390006742 1
10.9790830062 6.75585027949 -1
11.1944467001 19.9787242699 1
6.3527899731 8.78783928405 -1
12.4394148005 0.119614975318 1
7.26767050649 12.107983794 -1
9.32623633195 0.530883262374 1
6.58744395752 8.23101130252 -1
6.38263532308 1.07904760787 1
11.6452962394 5.00592325449 -1
19.6572688756 15.0454424125 1
9.76585215661 13.1023905517 -1
14.8805592753 0.812248127047 1
3.05745039647 10.0922038414 -1
15.4786743724 17.2890548205 1
11.6395850416 3.2868289217 -1
18.9616767716 4.34818512313 1
10.6766729032 8.50132631874 -1
1.1632347888 5.09895632301 1
5.30577426564 11.327110529 -1
18.710237915 11.3345425386 1
5.14264681259 7.0317152038 -1
2.11473135692 0.502093862147 1
9.69739123246 14.1572120649 -1
9.05238734282 2.56590425118 1
7.47851266904 8.3121888262 -1
0.258850441494 19.2417582996 1
9.1424879053 7.87298755808 -1
18.0538193729 19.7981349882 1
10.3453313067 14.4395592508 -1
2.90809180686 0.00331373373462 1
10.2712775566 13.8004183211 -1
8.0100426992 1.6328708127 1
16.5173861542 12.5101080307 -1
2.61862141455 8.464557855 1
5.32915192763 10.0700790747 -1
3.93745683175 16.328280662 1
6.08916033724 8.6654448023 -1
17.8520995133 4.8305941915 1
13.7530695515 13.0854523453 -1
19.2068821376 16.9481507379 1
3.37743344851 8.6294704572 -1
9.09620093827 17.4026367079 1
10.6659221334 10.6143089799 -1
9.89003586199 1.12780789362 1
6.02980869814 5.8665290774 -1
4.85558840634 16.98047183 1
16.2656443492 12.8289788722 -1
17.8794722579 11.4421820107 1
9.5405064803 11.6190546578 -1
8.60790452026 17.2760696765 1
14.9519265544 11.2621904378 -1
3.59794528192 3.03136212635 1
13.2012218133 14.6319203676 -1
5.78260149138 19.929674102 1
6.15076272653 13.3704563708 -1
5.15321528594 4.01468122735 1
3.84830059648 8.17972382803 -1
19.9333577034 0.220678762245 1
10.2756682785 14.4834628773 -1
11.9542413521 17.660333321 1
11.1922121543 6.68622853877 -1
18.1164920516 6.29798225078 1
6.72909861599 8.81888221773 -1
2.44877149934 6.62617312248 1
13.807366707 13.9062687206 -1
12.3185199857 16.7708241851 1
16.3100022607 7.32686443655 -1
16.5644984448 3.07005515933 1
12.4938264176 6.14836004557 -1
7.63176432377 17.8619369355 1
15.1607832861 9.98205214089 -1
16.5076591276 6.46377318825 1
11.4413098422 6.74843811136 -1
17.2849376303 17.3727610224 1
7.61238571457 6.7658274507 -1
16.368549172 3.45886834577 1
14.5225213903 13.6321119511 -1
9.98298875396 19.3160872466 1
8.79772369207 10.5977507398 -1
19.7019736994 12.4430507924 1
10.460295614 12.534548974 -1
15.455709934 18.573243309 1
11.992062591 3.82642087279 -1
10.2485590429 19.8428825179 1
14.0575959867 13.4659768898 -1
3.11931477228 12.2420206411 1
9.22698096577 3.89012093815 -1
16.6349004548 7.67906916117 1
15.2798616195 8.5490477286 -1
16.8531954536 7.71582682418 1
10.0207327187 11.518357622 -1
16.2302599827 3.79692651013 1
14.9860060972 14.6828127123 -1
11.5532712456 17.3121541159 1
9.58370137835 6.85018972016 -1
2.16323770259 14.867301919 1
9.46372180193 16.2801394295 -1
8.05523135545 2.23386088256 1
6.43191184271 4.20008481039 -1
19.7441320248 10.139808126 1
7.13461951639 11.0529322543 -1
1.06742298955 16.7111869361 1
9.14204457501 9.37307308112 -1
13.6693828511 2.91305527728 1
8.30699202162 10.3644349003 -1
0.266730158727 4.39913278183 1
12.6827653646 7.66477036332 -1
2.51852194504 4.17886415654 1
12.025592514 14.4353993044 -1
19.7139020708 12.3760341514 1
14.9105735291 6.99357232381 -1
0.610042296398 15.0855935269 1
13.7480946783 11.0069023709 -1
19.6966564073 1.46725949081 1
5.16524903476 7.29962740579 -1
3.55149613761 2.58635500342 1
4.93357158259 7.49372903691 -1
0.677480249208 3.90465894982 1
6.97210523508 12.7089846191 -1
8.15679579667 2.07226633062 1
10.5586683472 9.88637857951 -1
7.51145167321 17.5440899865 1
4.91387592371 14.3484681881 -1
4.55703936032 14.7169170411 1
5.29483452069 8.68396235274 -1
19.5101396888 3.80217549475 1
8.87113295933 8.30578648204 -1
19.1743526037 13.7586594086 1
15.3787447602 6.41719785411 -1
19.930447664 8.33183484719 1
12.6972419815 11.3870836484 -1
2.29635606765 5.74472389122 1
6.54692022262 8.32710472992 -1
2.2324440893 15.7634899339 1
15.4748254894 11.5729736012 -1
18.9824741263 17.0982118471 1
5.69717425746 8.52798229924 -1
6.07632580117 3.81682980707 1
15.3320788601 8.05629151985 -1
3.87982010668 3.68184957631 1
13.4479411986 10.4206974614 -1
19.6652865885 10.7440716083 1
10.0424503815 10.0217723815 -1
5.65707579009 15.7174362808 1
11.5448288003 14.3763216306 -1
17.3204011517 6.07950074155 1
5.93248007042 5.33551519796 -1
17.5547993731 14.7848330344 1
16.806308479 10.0065140174 -1
1.89095904916 18.7566484108 1
8.94099823771 6.00978439176 -1
2.8194454257 10.1604075714 1
4.91568987938 8.88537785622 -1
17.0384937224 9.93253430271 1
6.60353952076 11.4545651391 -1
3.0366823813 17.1287277851 1
7.17588910866 10.6582877174 -1
16.0710752086 0.11828486918 1
4.87733007331 11.3915577621 -1
19.1796929716 12.5667804785 1
13.3488890069 10.2207491675 -1
13.4783066124 19.3855043368 1
9.84634298619 3.65330236453 -1
19.4737233298 13.2463202058 1
13.8526969611 12.8889641333 -1
16.8106105193 13.9211546589 1
12.3608408142 11.2497975213 -1
19.5730460595 7.17738949635 1
8.99508061153 13.8948792815 -1
0.194222605983 5.76131889061 1
9.44365312548 3.59757421672 -1
17.7596119077 0.594596391873 1
12.6037112251 10.7442818662 -1
2.40365504583 3.69151853387 1
10.8690636908 7.94930107944 -1
14.5735472049 19.0376439698 1
9.58695521174 7.8192832351 -1
14.6100124054 19.1703766107 1
4.41589660331 8.68586030175 -1
0.334420402072 3.49659333069 1
3.68659408644 7.91589255551 -1
0.512185848544 17.6213468718 1
5.82417202247 15.5080067641 -1
10.1252743712 0.61343757241 1
7.7347820452 11.2367453615 -1
4.45989780696 14.9304678064 1
6.35022155719 13.5414641014 -1
15.5246648429 14.6759905007 1
9.69136121891 8.12072768752 -1
5.64312140851 3.85825809851 1
5.24556391785 12.0447285215 -1
1.9467924994 11.5283515215 1
8.53619611872 15.7392865317 -1
5.64930036405 15.8197406776 1
13.6485769328 7.23020346003 -1
19.6429558302 0.298383425673 1
10.5139511052 15.9465640939 -1
1.68063687297 9.50799247542 1
5.44616327164 11.132667886 -1
15.5232732452 16.505963653 1
8.90661466028 8.02035444941 -1
6.19807148979 1.40606316082 1
16.310434291 9.58540498496 -1
14.6412994616 16.7754467646 1
9.84227005516 16.7513100266 -1
9.63440149437 18.9150880923 1
9.75128378096 11.1443172853 -1
16.9936563958 14.8923025437 1
8.96821179606 15.3967523504 -1
17.5114413673 15.9000165923 1
9.12613390727 16.9422117517 -1
3.02973155708 8.7123599876 1
8.56546820348 12.6544265191 -1
1.02921692039 19.6737839489 1
6.66482255516 9.75394694697 -1
16.5624379161 15.3753241947 1
4.47877245799 9.91443276569 -1
19.5250918928 19.8763891958 1
6.30148561994 12.1292642226 -1
10.2651673084 18.5365904156 1
10.0745656781 8.59014678447 -1
5.09645855026 16.9478472925 1
16.5539340508 9.21529520516 -1
17.4015251707 5.22173342977 1
4.5062190824 9.53186736741 -1
10.0775649896 2.97053511159 1
14.7053475558 15.177059675 -1
2.256843753 11.1903349583 1
9.52379241778 5.18553136558 -1
5.50084104373 16.9813508105 1
13.9125642953 11.1740963038 -1
17.1903872341 15.3072172333 1
12.8571392305 10.8574299979 -1
17.1142727887 12.3696129371 1
16.4007607171 11.766386984 -1
16.2773760473 5.29585471889 1
7.86350858572 16.033975236 -1
19.3765521268 2.86514676396 1
10.0089327684 8.16322705308 -1
1.50266395352 7.79786972669 1
15.5703133334 7.86287163018 -1
19.0884278899 15.3455208721 1
15.0385325809 14.8039733745 -1
6.54742842568 18.6287358672 1
15.7125808767 6.57490708092 -1
16.4700484623 12.9273751301 1
10.7568233173 15.1716503723 -1
19.0783388557 18.3937930617 1
8.72401032527 5.83780056182 -1
16.0573933278 4.37716040694 1
9.56778515722 9.10119434749 -1
1.65358959088 8.62098803389 1
3.52096387728 11.2406534 -1
19.5958248002 9.35614530935 1
8.62459265035 6.20963893172 -1
1.09370731161 1.9949481141 1
4.73376314719 6.53817446001 -1
17.5039871699 0.861528334323 1
14.2428030863 7.56247078343 -1
1.51197179767 17.0861744904 1
9.35065089675 6.30951541258 -1
0.29860673216 2.00563449672 1
7.44359977238 15.4771712506 -1
0.842135264306 14.4252173811 1
13.031112987 10.0654992706 -1
1.58183858575 0.63177269671 1
7.80784020278 11.8740321165 -1
2.16341576145 18.4171248384 1
9.69833846888 12.1724740112 -1
12.6443002476 3.19635157867 1
15.8559213707 12.1999808715 -1
6.01088955444 2.44179954009 1
9.34320309583 15.1383421907 -1
0.204013489862 15.9741738826 1
14.0033331654 6.72254097043 -1
16.2074815857 14.4184232912 1
7.01293961007 10.8099170817 -1
7.5166317339 0.765120879463 1
12.5698361451 16.5072494578 -1
16.787808993 15.5168924502 1
7.27920519929 9.06453456505 -1
3.4181457625 15.0282313338 1
10.2596022439 3.85115039294 -1
12.9779391174 16.8677060558 1
12.0503745921 6.68067122587 -1
17.1872634671 6.20473818557 1
8.58865111145 15.81442254 -1
16.5770023148 0.633015382002 1
8.65437727764 7.94767036855 -1
1.09866977469 9.98395107978 1
11.0403107186 16.7285510641 -1
18.9672351603 6.60830273388 1
5.89816717385 10.1170418493 -1
19.9739258825 12.5437936899 1
16.2561372235 8.91032551873 -1
1.65284572815 1.12675406919 1
5.86329985156 10.7378288209 -1
3.22136533664 6.66693500659 1
8.76168946288 13.9495183874 -1
8.83305465411 0.521349023655 1
12.2299026921 14.3132922636 -1
19.0614627308 4.63859017643 1
4.7039279094 8.57975522196 -1
3.66134665304 15.8995663342 1
6.59052395914 4.11155680698 -1
1.02493430303 11.8268349674 1
9.23258774697 9.77149550775 -1
15.2224301156 5.2325951825 1
14.7977388438 5.82522937123 -1
0.240224523017 9.91814324791 1
9.45440764006 7.94249446448 -1
16.3233989504 19.154452358 1
7.0386831694 7.75147330153 -1
2.41257160248 19.1099414735 1
6.74353749558 8.04452910278 -1
19.3694932208 16.5149629616 1
10.89138092 4.69898415359 -1
17.8766818348 8.55638322063 1
10.9897641602 15.608618482 -1
18.5598994666 17.4930721443 1
5.54803049357 11.7632262962 -1
0.211062396934 3.67677611849 1
7.39429006553 12.2173729549 -1
0.644955030197 8.2299350264 1
8.48235206718 11.8873718684 -1
16.4146535036 15.9883545406 1
9.87080844245 6.6086276899 -1
18.4795296007 17.4144900673 1
12.6864316545 12.5399827605 -1
15.21866846 18.5862962748 1
9.51028815079 11.1816179552 -1
16.137467681 15.7470476983 1
15.02885264 8.03243186671 -1
0.725462741036 13.0049766281 1
7.95447717004 4.42396372387 -1
2.19301661508 4.56141291371 1
9.27761905817 5.19224619708 -1
11.23935702 1.17544757159 1
8.59595137458 6.72717461844 -1
12.9211756292 1.84100384871 1
9.00165441363 16.7042347689 -1
1.89910853228 2.35139102872 1
13.5291522183 4.64217341791 -1
19.1862699663 7.79868223922 1
10.0306821583 10.335337497 -1
3.940160484 0.31653360097 1
12.874409985 10.9921994168 -1
2.96059451576 3.00855441883 1
11.5431192615 10.5650478659 -1
14.4044280223 4.42193779224 1
11.1292257818 6.10458392437 -1
16.307113788 6.48964837946 1
7.02511418589 9.98333825025 -1
14.4122287875 2.20480254638 1
9.23645752725 4.16406381673 -1
17.4897508349 10.9620184046 1
11.1953431831 13.496595074 -1
19.8014983331 14.3835632665 1
9.22256146445 12.3086275438 -1
7.64981771859 1.59868966475 1
14.1671610113 5.63934790295 -1
2.0771355657 11.0463206024 1
16.2864423924 8.92990188668 -1
1.27717819233 9.40027840093 1
8.81404724587 10.0553257736 -1
4.12537400798 15.602331738 1
13.562654811 9.14056246315 -1
12.4574625136 1.77133661136 1
14.498242745 14.6398908138 -1
16.3908807124 2.53851632304 1
7.20317945903 14.1268927948 -1
7.50606290673 17.3986269333 1
7.88343015089 14.3316034425 -1
2.77444283234 15.0290287936 1
7.49417566981 3.58697236794 -1
9.80035867943 19.2726758519 1
8.56472621678 13.7252429261 -1
14.1614725647 3.06751054033 1
12.8158509181 4.33345399909 -1
1.1737402518 5.90103922529 1
10.3817966978 12.7571235008 -1
18.7507353553 4.90334675622 1
13.8131237155 6.4168130589 -1
13.1706421126 1.66095482239 1
13.2567819597 5.69965783446 -1
2.40669465337 7.73910750727 1
8.79274725274 6.51924099792 -1
2.85688489997 19.3097075269 1
7.25770215845 9.257180562 -1
13.9612918654 18.2465077025 1
16.3119249822 11.9267853031 -1
14.2554403272 1.91023757919 1
12.7561497433 14.4528389705 -1
18.6514241907 18.3623960771 1
8.84046338749 12.1374443378 -1
19.3370659831 3.14590756952 1
8.99814531841 13.5682373827 -1
19.1060818504 2.79578082788 1
8.46886144522 7.88787081412 -1
9.91900380983 17.2572131141 1
10.3528962451 13.9109746367 -1
18.6607365465 12.0703267692 1
8.57113021243 12.790494899 -1
19.2468868335 1.52915925947 1
5.80298649301 15.4920294015 -1
17.8402846503 4.15685961575 1
9.89969108402 15.8754070277 -1
3.0042910934 15.0138578743 1
12.5759545948 12.8168900047 -1
16.531796212 6.6407813712 1
5.80859171929 14.06187033 -1
6.78640781917 2.59920959599 1
7.76110100192 5.68161340582 -1
16.1802579577 13.9417639575 1
15.0040066289 14.2770174836 -1
13.1746168107 2.63556013321 1
15.1428688452 7.49292073887 -1
1.26054568848 8.81212332716 1
10.8495667313 16.7970294658 -1
1.10189554336 13.7626873943 1
4.02751997248 11.5360238663 -1
8.57328223893 1.74440310278 1
9.41075935459 3.27164427039 -1
1.91723401155 10.0729453083 1
12.9418916059 3.88161311883 -1
1.22158796689 8.61674827391 1
9.31780353731 11.6100920969 -1
11.1394828558 1.90304003216 1
8.11085878943 4.57834646968 -1
0.0556411469986 7.55923632377 1
5.23397040223 13.1802264657 -1
1.63933260773 0.998814233724 1
8.51131109942 15.8830912446 -1
14.4862872439 3.34089671981 1
6.53048479671 15.8403871951 -1
2.58015039337 8.6237078287 1
8.86299152252 9.94108788179 -1
14.9223894381 3.9270840118 1
10.3893456773 13.2678390488 -1
1.48072413076 6.96680623804 1
12.4993460415 4.25773669994 -1
3.73293920398 18.7229730727 1
11.4989184863 11.0846860691 -1
13.1837153688 19.6618174668 1
9.27682035775 13.2912585985 -1
14.9948579535 17.8355040668 1
4.39943097054 14.1667575211 -1
0.613747244703 12.6106968649 1
6.70670030218 14.3821058989 -1
13.9541143042 19.0248888416 1
9.47888795412 12.6403627626 -1
3.81178636955 19.5335068653 1
12.3079020433 14.5702456165 -1
8.29429073528 2.06087529824 1
9.99884923901 12.7311252925 -1
19.460096606 2.73950777844 1
8.06580798762 11.2527252525 -1
13.4412087523 0.686346241307 1
6.91154041858 14.975391842 -1
17.0280002298 5.7212592802 1
12.8799183611 6.44728271617 -1
19.1962169153 15.5610287155 1
7.90639700355 5.44828378319 -1
18.0214950487 18.1285681705 1
4.68788523759 11.7365222052 -1
6.55665053038 17.2502025719 1
6.9166011451 15.9610727317 -1
6.15315078366 18.9799657183 1
10.7711312418 13.2650917906 -1
19.9905198064 18.9162035533 1
9.33218024528 8.30516141364 -1
11.4826594396 2.58242290768 1
6.49169960087 7.0375706452 -1
0.904295650252 11.8327167808 1
4.45504741265 9.76720248732 -1
16.1087195342 0.0658310976845 1
5.42772621997 11.9020595767 -1
8.58532546151 1.71213344405 1
7.69844258999 6.89124418628 -1
5.65433570169 4.43681303108 1
13.048959481 5.2175083188 -1
16.1896797623 4.18592823498 1
4.47761088943 8.94337882524 -1
13.3603338605 3.35402007538 1
10.7909730869 15.1135629244 -1
15.5982442686 4.14783276568 1
6.50830444119 10.4105012973 -1
16.452473962 17.2139505317 1
9.43983231312 6.93347000081 -1
19.4065977741 4.60436792643 1
11.5775853603 11.0031506031 -1
16.2096032498 6.24575991505 1
10.6808780205 15.7082430804 -1
13.2390054089 1.26255620679 1
8.61760035991 15.9924796263 -1
16.3142468881 2.60138288504 1
13.0561935852 9.95099602136 -1
11.0908422991 2.89307688564 1
10.272332946 14.9486374696 -1
3.1270707266 5.14755150305 1
8.56634665775 14.4249758282 -1
19.605926725 1.50016324332 1
10.3058222687 7.84228132715 -1
14.6812534002 3.31074745662 1
12.8575414302 14.9643237498 -1
1.03033326746 11.9646841004 1
4.17303127867 11.6328728934 -1
1.74181232083 13.9738238874 1
10.4485278231 10.1584724292 -1
3.18117389046 19.433965333 1
6.85151997729 5.13791114485 -1
5.13277005217 0.809113557203 1
13.8289205536 9.39344069284 -1
18.7416202829 14.4116470356 1
