6.91416026659 5.34068610241 -1
16.0677733376 16.3416171777 1
14.7428604404 5.69575772478 -1
18.3609464707 4.11644512137 1
10.1223841007 14.9708410883 -1
7.67810167264 19.057021231 1
3.82174081277 7.84782743527 -1
6.97705855107 2.39156167171 1
9.09541370648 11.4065888939 -1
13.5012907609 18.9625905073 1
16.3179366075 10.8035417683 -1
3.41192593625 6.72246067354 1
3.59510711385 10.8152595754 -1
19.3436567648 16.5586323013 1
14.7420800172 5.64924540267 -1
5.29139231562 0.793267838028 1
9.33024570707 10.1529455018 -1
5.72721390615 3.72925658128 1
10.3435292967 10.0577144219 -1
1.4470810727 10.9099118666 1
13.2100068225 14.1680901348 -1
13.5741690914 16.0689529879 1
14.1409934902 15.1552690198 -1
5.52307404624 2.09525491885 1
6.87150000473 9.20919714402 -1
17.2560593071 16.7811923704 1
8.28272453414 7.33443898042 -1
3.23797196096 7.05821097942 1
12.0752184785 4.16632010224 -1
16.1617302613 3.57650160099 1
12.2411028218 6.68678163859 -1
18.1240964769 6.56172314134 1
14.1985383518 6.72402741287 -1
15.8973929665 4.09638175699 1
12.243717755 5.39876800347 -1
3.67660403458 1.146518397 1
15.1787659204 14.0179899749 -1
4.85800041472 14.7539414092 1
7.28205534996 4.73769522546 -1
0.184776040675 14.095981191 1
3.83972255461 7.97077937293 -1
19.2393465702 9.20440158282 1
13.4052818182 8.15854005986 -1
14.5391856095 0.290883728725 1
7.78031993151 11.467164383 -1
17.1963079335 0.257084793502 1
11.37079135 7.40613181301 -1
18.3032104553 14.0306682524 1
12.2874059249 10.0549067853 -1
13.0503152555 18.8676676576 1
12.0761926625 8.97909253905 -1
1.49649921885 15.3879515436 1
9.77102798961 4.74987088646 -1
19.0933373835 15.0940473897 1
9.12476723623 8.15906390473 -1
0.864816852184 17.4789676515 1
12.1413745331 9.38008562867 -1
16.4602393529 18.6394180654 1
12.2190556839 15.7561388575 -1
3.93956303296 6.40372755772 1
9.62961871623 8.65344590968 -1
17.7577737738 13.0671591705 1
7.4018557847 4.32346729908 -1
11.1330170025 2.94453837961 1
6.04386891428 9.93034896684 -1
1.85359664559 17.5863890387 1
11.1924870125 15.5150581673 -1
15.3516907797 15.4775212643 1
7.27876513388 10.1877354079 -1
16.7992988146 0.303324586059 1
14.3393715565 8.23336673319 -1
14.8856611719 17.8268896782 1
7.81677206333 6.01492173556 -1
5.3253711869 18.0979211691 1
11.0857414084 6.67201989657 -1
3.89151744991 14.4051213646 1
10.8463432021 11.9384994209 -1
19.0307342306 3.96694452548 1
11.8209304731 10.8260615151 -1
17.0340202451 4.70600379885 1
8.87264027361 5.33990467038 -1
15.5165108917 19.8504297004 1
6.64462133924 3.86865889124 -1
19.8964638003 13.4362168797 1
13.1234571212 5.16707787263 -1
0.667123283946 8.870610168 1
16.3475251738 8.32822555802 -1
6.46159888098 17.350112149 1
15.4031805373 13.1916463253 -1
3.79154596756 13.8384554622 1
6.11732403277 13.0354319753 -1
9.51557334138 2.84597945569 1
5.59329438791 13.9167813487 -1
2.75188552314 6.97043494845 1
12.907681395 13.7951780616 -1
17.2162119822 14.7065271786 1
12.3577012235 11.7469223433 -1
1.15091336431 8.75962700164 1
10.0793425767 14.1312612195 -1
4.10002427177 19.6443043383 1
9.5285245101 3.51540562575 -1
15.2173458626 16.1993024422 1
6.65449892607 10.8201460983 -1
1.80749304369 5.45275480427 1
16.7495355248 10.4373267301 -1
11.8469878908 2.66641290981 1
12.986155898 9.94385097975 -1
9.95090155722 17.6339277752 1
9.97218423194 9.74335669585 -1
13.1481144428 3.08142601924 1
5.08601846817 14.6063967294 -1
5.13253208768 3.00230617745 1
12.3422986954 5.43341185589 -1
10.3397409887 1.13820915439 1
5.44097433156 11.3287888268 -1
15.1095153105 16.617071346 1
4.6954459804 13.4589863638 -1
19.7640570833 19.9651456674 1
8.77127049721 8.1608706655 -1
16.7612314403 13.4914960678 1
9.65114273429 3.9488207594 -1
3.80650228067 16.2109212386 1
4.47260990487 7.97387260262 -1
0.79278787325 2.4123902685 1
9.90227861557 3.52323848146 -1
0.272448001653 17.071634094 1
10.9628073165 14.2145095579 -1
15.399634559 18.2769501019 1
5.94940357307 4.81422722726 -1
14.6833795058 3.60835163058 1
9.40554038298 14.3894967447 -1
18.9047196827 4.87103065853 1
12.4487770275 8.68243640739 -1
4.63972576506 4.36490724911 1
8.30670379539 15.381940909 -1
5.2699809617 4.64888633511 1
5.04238198359 10.4960772348 -1
10.25582653 17.4623268811 1
10.6087684237 5.50354160066 -1
16.7420881234 2.8566507559 1
9.34718691707 11.8123969671 -1
5.63768589382 2.50712243549 1
6.56109476391 4.2425184735 -1
19.2552135588 10.3085442587 1
14.2554078794 14.7884288425 -1
7.55836898995 16.9398339554 1
9.58930460511 4.15366664436 -1
3.62390109764 17.8550735773 1
6.27545169142 9.74937963863 -1
17.5102221587 12.8628565813 1
14.8745795902 11.1341479128 -1
1.34579325617 17.2521049773 1
10.0548356485 8.41242166381 -1
17.8096478968 14.7784414831 1
4.6752467096 10.1531333236 -1
1.91699497695 2.1326377803 1
5.96541365835 13.9321303537 -1
4.63074331926 4.05265212103 1
7.47896252337 3.60794259657 -1
15.0326450755 15.1276433328 1
7.9273773624 14.8100159943 -1
17.2151372203 12.6766182561 1
7.00955300853 7.63291368917 -1
3.43669590021 3.76819703118 1
15.1718727508 7.43474189428 -1
13.0172564565 3.402039186 1
8.72915692684 8.16653733705 -1
2.46345977416 13.6991441103 1
9.79916007684 4.36895224128 -1
18.4895354731 6.41306171674 1
10.2387691899 14.1494935187 -1
1.02191661983 11.735945617 1
6.99850076652 4.55414057478 -1
10.2022581865 17.8183180749 1
13.5697133292 7.94014883443 -1
17.0433338568 12.6376247282 1
6.6620205817 4.81910043305 -1
2.3889271644 13.0498794054 1
6.1655829944 9.51157918633 -1
18.0097472071 3.95606427159 1
5.28659402481 12.053869701 -1
7.93733467553 0.989751634354 1
7.58388115249 15.2754183928 -1
1.42817260624 16.6066834509 1
3.22632157167 8.64897939985 -1
1.77708164213 17.6917414255 1
8.52943363924 5.7557295306 -1
18.8485197246 7.42090347533 1
6.07018212212 7.22194621083 -1
17.4208750063 10.3776984636 1
5.98801103505 9.79463195017 -1
5.43975285469 4.51588634456 1
11.3565797919 6.9334170212 -1
0.140913412642 1.09320034099 1
12.2495465126 11.390913142 -1
2.38938506712 8.42395631844 1
5.61634973211 5.50876378522 -1
18.1875152121 15.3410944935 1
6.916417468 12.3643480821 -1
5.54055981532 4.48077375634 1
11.3880684156 4.87847362538 -1
0.674038783263 13.5953738106 1
13.8111963996 13.5386260667 -1
7.15424261741 3.22355858021 1
12.3478109408 7.25036554429 -1
11.688552424 1.69510009926 1
7.08565937794 11.5015645551 -1
15.0134972027 1.77987063275 1
11.8729166455 8.44957001748 -1
10.9943532466 17.2544994567 1
12.4710642337 15.4924811813 -1
6.91575007674 19.1015198337 1
11.9077305084 8.45088999369 -1
19.762379232 17.3148678772 1
8.40636516842 15.013913379 -1
15.8968105775 14.8609783181 1
6.40994459196 12.8657558536 -1
2.3351262873 18.713634808 1
8.79783552212 4.05035631311 -1
17.9643698671 6.94409206489 1
10.8462880483 15.1089603631 -1
14.5715465179 2.0757923465 1
4.59557478082 14.1371280745 -1
15.2223912035 0.947511677597 1
11.214457348 14.7432517095 -1
2.39611297424 15.8205281684 1
7.01413756481 13.3823693922 -1
16.9817392768 11.7831617728 1
9.34323304859 5.72841637722 -1
4.4901481828 18.1851330212 1
12.9731286327 13.0780675353 -1
9.72856699041 17.9808277435 1
16.2992197732 10.4987221365 -1
17.4633044225 2.94348729695 1
9.4276379701 3.02427694559 -1
3.64283499389 14.2791030233 1
9.84685219887 12.2035691911 -1
0.172769722703 2.87211471073 1
6.68618642177 8.78189114859 -1
1.24632684146 2.38203848177 1
8.21925703127 14.6314023731 -1
4.71969966298 16.2754617049 1
15.2219454982 9.57034419353 -1
17.254752997 8.16534481423 1
13.8867006714 13.6278402078 -1
2.90400455019 13.1714911128 1
13.3589759118 6.83518269882 -1
2.97701480368 14.0878313456 1
4.7478939834 12.0293913048 -1
3.04247258323 3.48831822652 1
6.75285465902 11.7053929726 -1
3.34495270645 12.2825413518 1
15.7425511536 9.98311860593 -1
16.495885207 5.33290006358 1
7.29901703568 11.7733968573 -1
18.3617685946 19.1012386253 1
9.57473706017 6.25401070983 -1
4.47582255343 3.71044770625 1
9.68812208987 15.1929503152 -1
1.96214643408 4.64370658463 1
16.689038867 8.35869533433 -1
2.74651792568 16.7271858312 1
10.1283776407 16.9238084911 -1
18.0813808134 18.8065590688 1
10.523460699 5.65441651685 -1
18.5048385684 0.85122083377 1
12.571307432 5.01684856259 -1
16.506687766 5.55223513688 1
11.2182619649 8.6393396549 -1
19.5649527838 17.2326052958 1
6.38404405554 10.0960229451 -1
16.3543119596 14.785148342 1
15.9311599505 11.2907022814 -1
16.5372974242 18.1185691171 1
7.24686200409 14.7705405856 -1
18.9869008811 12.8026589335 1
5.59201921988 7.59106222756 -1
16.7013311863 2.69921263051 1
10.1992500812 14.6654338694 -1
3.30029566771 15.5954498229 1
5.41040244054 13.1446139888 -1
19.9781803078 5.40569196359 1
12.6976053771 14.8885300672 -1
4.44017453161 2.43181887222 1
9.86453776554 4.06499453666 -1
12.4056112083 19.121145665 1
10.6608978875 12.8811585276 -1
16.5762797984 19.9453813641 1
12.361935724 11.0624874011 -1
16.7376731315 6.87841854044 1
3.32305293739 11.8814870987 -1
18.027881756 7.99480676564 1
15.4753804847 6.88007183849 -1
4.13802802113 2.7341338372 1
8.67814387892 9.90749214761 -1
19.7589839819 7.02628146895 1
14.2578094647 10.0208286129 -1
17.8192562637 11.9621616452 1
4.94481044677 5.93317271815 -1
1.2254359855 0.201489752051 1
10.6417723615 4.52436946059 -1
16.0222187308 15.6931532646 1
14.4420840611 13.1998696976 -1
19.6157716529 0.367936489113 1
7.18244052569 7.68421029362 -1
1.30728239704 18.4793669515 1
6.70829068296 13.2483210724 -1
19.7730813456 12.3011003069 1
11.7206588762 12.2691912384 -1
19.3753777611 13.0385427285 1
3.42098162293 9.2189183314 -1
18.4843241106 5.32895473467 1
11.3352792472 3.68142618799 -1
19.1422987491 5.12343265693 1
13.3900326143 14.5815821209 -1
4.91219099733 17.4359348494 1
14.2708256519 8.43333186028 -1
15.6279183665 15.163136884 1
5.77876577774 6.27800989397 -1
7.23183891603 17.3362172683 1
3.82749699675 9.69489344231 -1
19.6730181066 2.54419741477 1
4.32463922663 11.0404751571 -1
10.8289312245 0.750707968797 1
12.6355763449 10.2805699372 -1
19.4132080133 13.3490718133 1
7.21074133662 4.3069529294 -1
6.44899408805 16.5562775187 1
12.0079265969 4.98830744128 -1
7.59050778302 1.03498946261 1
9.57658926948 16.4130755234 -1
19.3156027695 16.7058841546 1
4.56461208804 9.74006820782 -1
15.5912146296 15.8816848149 1
10.4572996901 16.9028394077 -1
18.4552435605 3.06183760301 1
5.03699401007 7.66589872583 -1
1.31737298358 8.62081883167 1
9.34382511994 10.9194903223 -1
14.1969274093 19.5420961841 1
15.7890667964 13.8696862567 -1
15.5977952217 1.7811422458 1
4.81064683532 7.82127293977 -1
5.77298401027 17.6634744122 1
9.93000380806 6.51629882314 -1
17.8216519557 6.52702725667 1
11.6786078406 15.9803421658 -1
0.451203410525 14.2208584851 1
12.8792680766 4.73772748092 -1
14.3294896881 0.418806402518 1
12.160246097 15.6393357638 -1
17.4491067037 8.0106709718 1
13.5395540982 11.5485814909 -1
5.15192362135 18.2881800038 1
7.48615351101 5.65846066751 -1
19.6381572923 10.111602033 1
15.0793684573 7.89718720865 -1
3.27485100027 19.9058620425 1
9.02049354998 11.7155279007 -1
12.2312052958 2.73866874181 1
12.1840856767 7.94912636231 -1
3.24141210939 2.29108374697 1
5.40708465827 14.9109725859 -1
14.943054778 15.4385882686 1
6.34458397924 9.9587995205 -1
15.4706636891 15.4235558645 1
4.45983295861 11.5151538696 -1
5.76839056008 16.5242970358 1
7.20744196586 10.9375046 -1
16.8836108456 1.01359710286 1
12.3959725465 3.50742680274 -1
18.3062988629 3.53522952853 1
6.06050778844 9.97038614101 -1
7.70883007724 17.6393977614 1
16.2701693456 6.89615846617 -1
17.8716523122 9.88749572177 1
11.8120338353 9.90916718354 -1
2.21627918272 11.4319251514 1
9.70853400496 9.26911550282 -1
9.69277243934 18.3786447276 1
12.8645216838 5.32576941171 -1
10.295727221 2.38463394985 1
14.2750313531 6.00476967116 -1
3.64147605259 14.7591592444 1
10.787146112 13.5951324215 -1
18.1023374811 15.747262248 1
4.07182818377 8.84010321215 -1
18.5284603587 19.3997372101 1
8.02079589828 13.4089037161 -1
7.4990073002 18.2581512321 1
7.6016300407 12.7638527976 -1
12.240311691 16.7837533684 1
4.90202356584 12.2896908064 -1
18.397900976 16.6922864672 1
7.64415179711 3.40862515771 -1
9.51203128963 19.3755755345 1
10.5302637714 3.3460130807 -1
5.77458944182 3.70066965903 1
6.69383999373 10.1491707133 -1
2.07317801926 6.52950750159 1
10.8145508796 12.4731272727 -1
11.9254203259 0.335744671103 1
12.4071679369 8.83338820362 -1
17.2377932428 7.37258201782 1
9.19407666665 10.67441956 -1
12.1022726166 18.7277621103 1
4.4770796644 12.5848077679 -1
16.7931512461 18.3337457286 1
3.51465284337 10.596696303 -1
8.90685605917 18.4483851466 1
11.281629944 14.7811534417 -1
0.00299318120025 19.1290357326 1
10.9546687094 14.7589629488 -1
17.1245610872 14.1885185313 1
8.19932970437 9.64642444255 -1
1.52684844182 15.4398687154 1
9.95817869007 15.8843326527 -1
1.43755457049 0.327594687673 1
12.1146635595 14.2440696663 -1
14.4674321047 3.1898973834 1
4.61656274212 9.8647457897 -1
14.9519542286 17.1865948336 1
10.9570043301 14.6942888205 -1
2.71206911841 12.3882406935 1
15.7382711199 9.12633929876 -1
4.56688620405 2.84719021963 1
9.69576895977 4.44190924623 -1
16.0859204528 14.3019671839 1
8.01913384504 11.1480625429 -1
16.1724783469 2.68521984434 1
12.4587179104 12.3036973143 -1
17.4937957727 7.37663553121 1
7.52794873143 11.699663052 -1
12.9782077403 0.425832758223 1
7.50175371243 9.5195080251 -1
1.77760916719 10.2189297623 1
5.4655951102 6.90944373752 -1
0.169492547982 17.6452273111 1
10.4976503745 16.8115365503 -1
3.89827753047 0.0175134618381 1
7.60543332389 13.0094545032 -1
17.9309597642 0.917665808101 1
10.7262133009 5.88055860585 -1
18.1566367721 14.8510746284 1
13.1818623314 12.8330304892 -1
10.5049836646 17.9249640155 1
8.05506845335 12.8053517784 -1
14.2980171552 18.337794544 1
15.374847205 11.1747714181 -1
19.3240916592 19.3145452498 1
8.99628800488 11.9022898541 -1
15.6542602879 1.52989026473 1
15.7620058163 13.3431647637 -1
18.6888598591 10.8421845655 1
9.51636671423 15.5708870934 -1
2.96660575966 12.812631259 1
8.59925410001 8.02248394653 -1
2.15772656168 13.7072958938 1
6.99558312227 5.26720572486 -1
19.1502608101 19.66900871 1
4.60577543068 6.71491014583 -1
2.83607570648 19.9335333469 1
13.1684337872 15.2019397245 -1
4.88723943764 17.3058763797 1
11.9593032827 6.14158837318 -1
0.640841953826 2.82537714579 1
14.5042485447 14.1506734673 -1
2.45673465152 4.35659248828 1
13.5860125339 6.73983406865 -1
11.1311502971 18.7661155288 1
13.1597537181 7.9603189961 -1
0.798095778011 2.60825260448 1
13.5056306902 15.8239441096 -1
3.31571732024 18.4259453147 1
5.53079357078 8.78271445252 -1
2.53966203728 12.507175867 1
6.58839817349 6.76329442247 -1
11.1385251955 1.20230903409 1
6.36817800199 7.03507100819 -1
15.6740522116 4.22874367074 1
9.42399983139 14.56474599 -1
11.6996079169 0.270273096403 1
7.36509730431 9.58207385281 -1
7.68602875201 19.6706717955 1
12.7462705789 6.17174383058 -1
10.7417474136 18.1952547717 1
8.0429500357 11.9528873393 -1
0.337694510156 1.88503928903 1
10.9181953487 12.228712044 -1
2.81153620281 12.7623627964 1
6.35814282026 4.10472838019 -1
8.13146223612 18.360926144 1
13.257697182 11.929732792 -1
13.6031967263 0.705363899275 1
8.89468515684 8.52065109619 -1
17.879764941 7.25708387316 1
9.74730943042 3.85380108958 -1
19.2193597595 0.910134439281 1
4.19043772334 7.06564460368 -1
13.8724502505 2.23315027799 1
